"Series Data"
"E:\S261\Data\ADCP\S261001_000000.LTA"
"Broadband 76.8 kHz"
"Pings/Ens ="	174
"Time/Ping = 00:02.00"
"First Ensemble Date = 15/07/13"
"First Ensemble Time = 10:36:51.16"
"Ensemble Interval (s) = "	1200.01
"1st Bin Range (m) = "	18.71
"Bin Size (m) ="	10.00


Ens	YR	MO	DA	HH	MM	SS	HH		"EAA"	"EAA"	"EAA"	"EAA"	"EAA"	"EAA"	"EAA"	"EAA"	"EAA"	"EAA"	"EAA"	"EAA"	"EAA"	"EAA"	"EAA"	"EAA"	"EAA"	"EAA"	"EAA"	"EAA"	"EAA"	"EAA"	"EAA"	"EAA"	"EAA"	"EAA"	"EAA"	"EAA"	"EAA"	"EAA"	"Eas"	"Eas"	"Eas"	"Eas"	"Eas"	"Eas"	"Eas"	"Eas"	"Eas"	"Eas"	"Eas"	"Eas"	"Eas"	"Eas"	"Eas"	"Eas"	"Eas"	"Eas"	"Eas"	"Eas"	"Eas"	"Eas"	"Eas"	"Eas"	"Eas"	"Eas"	"Eas"	"Eas"	"Eas"	"Eas"	"Nor"	"Nor"	"Nor"	"Nor"	"Nor"	"Nor"	"Nor"	"Nor"	"Nor"	"Nor"	"Nor"	"Nor"	"Nor"	"Nor"	"Nor"	"Nor"	"Nor"	"Nor"	"Nor"	"Nor"	"Nor"	"Nor"	"Nor"	"Nor"	"Nor"	"Nor"	"Nor"	"Nor"	"Nor"	"Nor"	"Mag"	"Mag"	"Mag"	"Mag"	"Mag"	"Mag"	"Mag"	"Mag"	"Mag"	"Mag"	"Mag"	"Mag"	"Mag"	"Mag"	"Mag"	"Mag"	"Mag"	"Mag"	"Mag"	"Mag"	"Mag"	"Mag"	"Mag"	"Mag"	"Mag"	"Mag"	"Mag"	"Mag"	"Mag"	"Mag"	"Dir"	"Dir"	"Dir"	"Dir"	"Dir"	"Dir"	"Dir"	"Dir"	"Dir"	"Dir"	"Dir"	"Dir"	"Dir"	"Dir"	"Dir"	"Dir"	"Dir"	"Dir"	"Dir"	"Dir"	"Dir"	"Dir"	"Dir"	"Dir"	"Dir"	"Dir"	"Dir"	"Dir"	"Dir"	"Dir"	    "FLat"	    "FLon"	    "LLat"	    "LLon"
									"cnt"	"cnt"	"cnt"	"cnt"	"cnt"	"cnt"	"cnt"	"cnt"	"cnt"	"cnt"	"cnt"	"cnt"	"cnt"	"cnt"	"cnt"	"cnt"	"cnt"	"cnt"	"cnt"	"cnt"	"cnt"	"cnt"	"cnt"	"cnt"	"cnt"	"cnt"	"cnt"	"cnt"	"cnt"	"cnt"	"mm/s"	"mm/s"	"mm/s"	"mm/s"	"mm/s"	"mm/s"	"mm/s"	"mm/s"	"mm/s"	"mm/s"	"mm/s"	"mm/s"	"mm/s"	"mm/s"	"mm/s"	"mm/s"	"mm/s"	"mm/s"	"mm/s"	"mm/s"	"mm/s"	"mm/s"	"mm/s"	"mm/s"	"mm/s"	"mm/s"	"mm/s"	"mm/s"	"mm/s"	"mm/s"	"mm/s"	"mm/s"	"mm/s"	"mm/s"	"mm/s"	"mm/s"	"mm/s"	"mm/s"	"mm/s"	"mm/s"	"mm/s"	"mm/s"	"mm/s"	"mm/s"	"mm/s"	"mm/s"	"mm/s"	"mm/s"	"mm/s"	"mm/s"	"mm/s"	"mm/s"	"mm/s"	"mm/s"	"mm/s"	"mm/s"	"mm/s"	"mm/s"	"mm/s"	"mm/s"	"mm/s"	"mm/s"	"mm/s"	"mm/s"	"mm/s"	"mm/s"	"mm/s"	"mm/s"	"mm/s"	"mm/s"	"mm/s"	"mm/s"	"mm/s"	"mm/s"	"mm/s"	"mm/s"	"mm/s"	"mm/s"	"mm/s"	"mm/s"	"mm/s"	"mm/s"	"mm/s"	"mm/s"	"mm/s"	"mm/s"	"mm/s"	"mm/s"	"mm/s"	"mm/s"	"deg"	"deg"	"deg"	"deg"	"deg"	"deg"	"deg"	"deg"	"deg"	"deg"	"deg"	"deg"	"deg"	"deg"	"deg"	"deg"	"deg"	"deg"	"deg"	"deg"	"deg"	"deg"	"deg"	"deg"	"deg"	"deg"	"deg"	"deg"	"deg"	"deg"	     "deg"	     "deg"	     "deg"	     "deg"
									1	2	3	4	5	6	7	8	9	10	11	12	13	14	15	16	17	18	19	20	21	22	23	24	25	26	27	28	29	30	1	2	3	4	5	6	7	8	9	10	11	12	13	14	15	16	17	18	19	20	21	22	23	24	25	26	27	28	29	30	1	2	3	4	5	6	7	8	9	10	11	12	13	14	15	16	17	18	19	20	21	22	23	24	25	26	27	28	29	30	1	2	3	4	5	6	7	8	9	10	11	12	13	14	15	16	17	18	19	20	21	22	23	24	25	26	27	28	29	30	1	2	3	4	5	6	7	8	9	10	11	12	13	14	15	16	17	18	19	20	21	22	23	24	25	26	27	28	29	30

390	15	07	13	10	36	51	16		152	154	155	157	148	135	124	114	108	105	101	96	85	72	66	68	64	60	54	47	40	36	36	37	37	38	38	38	41	46	-361	-308	-259	-179	-244	-188	-99	-15	12	-16	-40	11	22	20	49	53	53	45	61	16	-39	-38	-33	-25	-17	-2	-5	-6	-28	-23	-242	-208	-61	-27	14	142	225	195	24	-39	-3	-4	28	11	-35	-49	-63	-75	-36	-37	-41	-60	-53	-46	-90	-128	-123	-85	-106	-118	435	372	266	181	244	236	246	196	27	42	40	12	36	23	60	72	82	87	71	40	57	71	62	52	92	128	123	85	110	120	236.20	236.00	256.70	261.40	273.30	307.10	336.30	355.60	26.60	202.30	265.70	110.00	38.20	61.20	125.50	132.80	139.90	149.00	120.50	156.60	223.60	212.30	211.90	208.50	190.70	180.90	182.30	184.00	194.80	191.00	8.76891299	-164.22660420	8.73032313	-164.26257648
391	15	07	13	10	56	53	11		152	153	154	155	152	138	124	114	110	103	93	84	75	66	67	68	58	52	50	44	37	34	34	33	32	32	35	46	54	58	-357	-324	-264	-196	-217	-208	-60	46	40	36	-1	8	19	10	31	67	46	18	-1	-14	-41	-19	-14	-4	20	-23	-49	-79	-68	-52	-140	-71	11	91	-19	46	115	54	-2	-3	-20	-1	37	3	-52	-60	-72	-70	-73	-59	-63	-53	-51	-55	-80	-90	-140	-135	-111	-81	383	332	264	216	218	213	130	71	40	36	20	8	42	10	61	90	85	72	73	61	75	56	53	55	82	93	148	156	130	96	248.60	257.60	272.40	294.90	265.00	282.50	332.40	40.40	92.90	94.80	182.90	97.10	27.20	73.30	149.20	131.80	147.40	165.60	180.80	193.30	213.10	199.70	195.40	184.20	166.00	194.30	199.30	210.30	211.50	212.70	8.73026119	-164.26263381	8.69121769	-164.29730169
392	15	07	13	11	16	47	94		150	147	151	153	149	135	126	117	108	104	97	87	74	65	62	56	49	48	46	41	37	32	29	28	27	28	32	42	53	56	-422	-391	-311	-187	-175	-64	109	98	87	63	10	35	20	14	46	30	11	-23	-1	-31	-60	-46	-13	6	1	-48	-60	-78	-82	-49	-136	-58	-8	58	13	94	118	96	15	-29	-43	46	55	18	-17	-13	-40	-106	-117	-108	-109	-86	-85	-51	-106	-137	-170	-160	-126	-88	443	395	311	196	175	114	161	137	88	69	44	58	59	23	49	33	41	108	117	112	124	98	86	51	106	145	180	178	150	101	252.10	261.60	268.50	287.20	274.20	325.80	42.70	45.60	80.20	114.70	166.90	37.30	20.00	37.90	110.30	113.40	164.60	192.20	180.50	196.00	208.80	208.10	188.70	173.30	179.50	199.30	199.40	206.00	213.10	209.10	8.69110303	-164.29744318	8.65107651	-164.33186263
393	15	07	13	11	36	49	63		152	149	151	153	151	140	129	120	115	109	99	90	79	68	62	51	46	42	38	33	30	28	27	29	34	40	48	54	56	55	-311	-287	-242	-141	-112	20	143	157	151	92	15	6	-29	-17	16	-7	-24	-37	-20	-45	-57	-39	-25	-3	0	19	-25	-34	-32	-14	-147	-72	-9	55	-38	66	115	30	-24	-47	-41	17	59	27	-17	-78	-124	-137	-119	-128	-96	-109	-71	-109	-156	-135	-154	-133	-115	-87	344	296	242	151	118	69	184	160	153	103	44	18	66	32	23	78	126	142	121	136	112	116	75	109	156	136	156	137	119	88	244.70	255.90	267.90	291.30	251.30	16.90	51.20	79.20	99.00	117.10	159.90	19.40	333.80	327.80	136.70	185.10	191.00	195.10	189.50	199.40	210.70	199.70	199.40	181.60	180.00	172.00	189.20	194.30	195.50	189.10	8.65100870	-164.33188383	8.61075285	-164.36451517
394	15	07	13	11	56	51	31		153	152	156	157	150	138	127	120	116	112	102	91	85	76	66	56	46	41	36	32	30	28	28	31	36	42	48	52	53	50	-301	-285	-216	-101	-91	33	141	130	93	63	12	-21	-18	-3	-9	1	3	-23	-12	-15	-45	-51	-9	5	10	-19	-52	-56	-55	-65	-165	-97	-21	-58	-12	31	-15	-56	-131	-173	-178	-89	-5	42	36	0	-43	-72	-93	-112	-93	-75	-71	-75	-118	-114	-135	-123	-81	-64	343	301	217	116	92	45	142	142	161	184	178	91	19	42	37	1	43	76	94	113	103	91	72	75	118	116	145	135	98	91	241.30	251.20	264.40	240.10	262.50	46.80	96.10	113.30	144.60	160.00	176.10	193.30	254.50	355.90	346.00	90.00	176.00	197.70	187.40	187.60	205.80	214.20	187.20	176.20	175.20	189.50	201.10	204.50	214.20	225.40	8.61068303	-164.36456714	8.57161615	-164.39786400
395	15	07	13	12	16	53	02		154	149	152	155	150	139	132	126	118	110	98	92	82	68	58	49	41	37	35	34	32	29	28	29	28	31	42	50	50	48	-295	-250	-198	-75	-32	3	101	143	53	18	0	-44	-18	5	33	9	10	0	-3	-11	-29	-38	-21	-18	-6	-24	-44	-33	-34	-58	-90	-89	-8	-68	-47	4	-92	-108	-179	-204	-176	-22	65	68	61	6	-23	-66	-66	-69	-72	-59	-52	-63	-63	-79	-121	-83	-77	-64	308	265	198	101	57	5	137	179	187	205	176	49	67	68	69	11	25	66	66	70	78	70	56	66	63	83	129	89	84	86	253.00	250.40	267.70	227.80	214.20	36.90	132.30	127.10	163.50	175.00	180.00	243.40	344.50	4.20	28.40	56.30	156.50	180.00	182.60	189.10	201.90	212.80	202.00	195.90	185.40	196.90	200.00	201.70	203.80	222.20	8.57154432	-164.39792284	8.53154646	-164.42912866
396	15	07	13	12	36	47	83		155	150	150	153	148	139	132	122	116	115	98	89	78	67	57	50	44	43	42	41	39	38	37	39	46	50	54	52	50	49	-231	-214	-214	-94	-41	12	155	144	49	35	-12	-75	-6	34	15	-26	-49	-26	21	40	22	18	25	10	-3	-22	-28	-21	-34	29	-119	-98	-1	-15	-81	16	-61	-164	-284	-306	-193	-74	6	34	-3	-75	-109	-132	-92	-80	-61	-65	-64	-82	-66	-36	-35	-10	0	-5	260	235	214	95	91	20	167	218	288	308	193	105	8	48	15	79	120	135	94	89	65	67	69	83	66	42	45	23	34	29	242.70	245.40	269.70	260.90	206.80	36.90	111.50	138.70	170.20	173.50	183.60	225.40	315.00	45.00	101.30	199.10	204.20	191.10	167.10	153.40	160.20	164.50	158.70	173.00	182.60	211.40	218.70	244.50	270.00	99.80	8.53141319	-164.42922782	8.49090404	-164.45892247
397	15	07	13	12	56	49	52		157	150	148	150	146	136	130	123	118	114	94	89	77	62	54	50	47	46	45	43	41	42	46	51	52	50	48	52	54	54	-205	-227	-212	-123	-43	86	177	158	96	90	-38	-59	-1	59	13	-12	-21	19	72	77	101	53	25	10	-11	-27	2	5	40	68	-125	-85	4	23	41	79	-41	-142	-268	-310	-177	-47	57	87	22	-35	-65	-67	-54	-24	-8	-43	-38	-16	9	-2	-20	-19	19	22	240	242	212	125	59	117	182	212	285	323	181	75	57	105	26	37	68	70	90	81	101	68	45	19	14	27	20	20	44	71	238.60	249.50	271.10	280.60	313.60	47.40	103.00	131.90	160.30	163.80	192.10	231.50	359.00	34.10	30.60	198.90	197.90	164.20	126.90	107.30	94.50	129.10	146.70	148.00	309.30	265.80	174.30	165.30	64.60	72.10	8.49082869	-164.45897218	8.44919016	-164.48879264
398	15	07	13	13	16	51	22		154	146	142	144	144	136	128	117	108	108	91	85	80	67	57	49	45	44	44	42	42	43	46	48	46	44	46	51	54	55	-124	-118	-147	-106	-88	-31	169	219	151	151	44	-31	-59	-25	56	26	-13	11	33	24	-14	-2	17	16	-14	-20	-11	2	46	43	-99	-60	22	88	-46	18	-18	-69	-161	-247	-139	-33	101	130	111	76	27	-10	33	31	1	-7	-28	0	18	10	-1	9	21	19	159	132	149	138	99	36	170	230	221	289	146	45	117	132	124	80	30	15	47	39	14	7	33	16	23	22	11	9	51	47	231.40	243.00	278.50	309.70	242.40	300.10	96.10	107.50	136.80	148.60	162.40	223.20	329.70	349.10	26.80	18.90	334.30	132.30	45.00	37.70	274.10	195.90	148.70	90.00	322.10	296.60	264.80	12.50	65.50	66.20	8.44911430	-164.48883899	8.40915936	-164.51939765
399	15	07	13	13	36	52	92		159	146	141	140	141	136	128	114	105	96	86	84	78	64	58	52	47	44	43	43	44	46	48	49	46	45	46	52	54	54	-91	-78	-130	-48	-94	-41	135	156	131	113	4	-54	-71	-9	63	74	57	33	29	22	4	36	33	13	14	0	-3	-8	57	92	-95	28	119	158	42	50	1	-65	-169	-204	-166	-42	81	94	89	58	2	-12	10	-7	-7	-26	-49	-32	-20	-20	-5	-12	13	17	132	83	176	165	103	65	135	169	214	233	166	68	108	94	109	94	57	35	31	23	8	44	59	35	24	20	6	14	58	94	223.80	289.70	312.50	343.10	294.10	320.60	89.60	112.60	142.20	151.00	178.60	232.10	318.80	354.50	35.30	51.90	88.00	110.00	71.00	107.70	150.30	125.80	146.00	157.90	145.00	180.00	211.00	213.70	77.20	79.50	8.40908887	-164.51944669	8.36885883	-164.54876281
400	15	07	13	13	56	47	70		160	148	146	144	144	139	130	118	108	98	87	84	82	74	66	58	54	50	48	49	53	54	56	56	56	54	54	53	52	53	-111	-61	-77	-4	-66	-2	115	104	82	48	-50	-96	-99	-39	23	25	8	20	21	-3	-11	13	30	5	13	-3	-6	11	16	41	15	120	241	215	162	162	22	-108	-181	-223	-159	-66	0	30	75	66	16	10	9	0	-3	-9	-31	-25	-3	-16	16	11	23	8	112	135	253	215	175	162	117	150	199	228	167	116	99	49	78	71	18	22	23	3	11	16	43	25	13	16	17	16	28	42	277.70	333.10	342.30	358.90	337.80	359.30	79.20	136.10	155.60	167.90	197.50	235.50	270.00	307.60	17.00	20.70	26.60	63.40	66.80	270.00	254.70	124.70	135.90	168.70	103.00	190.60	339.40	45.00	34.80	79.00	8.36871701	-164.54884714	8.32941486	-164.57824197
401	15	07	13	14	16	49	39		163	147	146	146	146	142	132	119	107	98	94	92	90	82	73	64	58	54	52	51	52	54	55	54	54	53	54	54	56	55	-136	-50	-30	61	57	58	121	180	170	96	67	46	55	58	47	45	43	62	61	30	43	47	32	28	44	41	50	41	53	51	59	127	229	141	142	128	12	-32	-74	-181	-200	-118	-8	71	102	72	-8	-29	-31	-26	-58	-79	-74	-66	-63	-78	-69	-70	-37	-28	148	136	231	154	153	141	122	183	185	205	211	127	56	92	112	85	44	68	68	40	72	92	81	72	77	88	85	81	65	58	293.50	338.50	352.50	23.40	21.90	24.40	84.30	100.10	113.50	152.10	161.50	158.70	98.30	39.20	24.70	32.00	100.50	115.10	116.90	130.90	143.40	149.30	156.60	157.00	145.10	152.30	144.10	149.60	124.90	118.80	8.32934420	-164.57828237	8.29002603	-164.60629385
402	15	07	13	14	36	51	16		162	145	146	147	147	143	136	122	107	94	90	87	80	71	64	59	57	54	54	56	58	59	58	56	55	54	53	52	51	51	-158	-78	-53	44	39	20	106	198	211	150	96	89	70	40	-11	37	27	12	-23	-4	-11	13	5	26	49	45	66	68	43	47	113	169	238	153	96	111	9	-6	-5	-73	-29	38	78	63	15	-34	-41	-46	-62	-67	-73	-68	-47	-67	-57	-70	-75	-76	-55	-40	194	186	244	159	104	113	106	198	211	167	100	97	105	75	19	50	49	48	66	67	74	69	47	72	75	83	100	102	70	62	305.60	335.20	347.40	16.00	22.10	10.20	85.10	91.70	91.40	116.00	106.80	66.90	41.90	32.40	323.70	132.60	146.60	165.40	200.40	183.40	188.60	169.20	173.90	158.80	139.30	147.30	138.70	138.20	142.00	130.40	8.28996635	-164.60635286	8.25241651	-164.63674321
403	15	07	13	14	56	52	84		160	148	148	146	146	145	137	124	107	94	90	87	77	65	61	61	59	55	52	52	52	55	56	56	52	51	52	54	54	52	-172	-93	-18	85	47	-4	95	162	122	82	108	52	44	4	-10	21	39	31	10	-1	3	13	34	53	59	73	64	64	58	24	37	36	88	105	69	116	118	43	-3	-40	-11	26	79	38	-29	-51	-54	-43	-64	-41	-19	-4	9	7	3	-5	-27	-32	-35	-11	176	100	90	135	83	116	151	168	122	91	109	58	90	38	31	55	67	53	65	41	19	14	35	53	59	73	69	72	68	26	282.10	291.20	348.40	39.00	34.30	358.00	38.80	75.10	91.40	116.00	95.80	63.40	29.10	6.00	199.00	157.60	144.20	144.20	171.10	181.40	171.00	107.10	75.20	82.50	87.10	93.90	112.90	116.60	121.10	114.60	8.25234854	-164.63679065	8.21521302	-164.66730170
404	15	07	13	15	16	47	64		160	148	146	144	141	142	134	124	112	101	95	88	77	69	66	64	60	58	56	55	53	54	54	54	54	54	54	53	52	52	-201	-132	7	195	118	11	39	152	119	76	95	78	65	28	60	61	44	30	-6	-17	7	25	29	38	51	61	47	68	61	74	84	60	120	165	62	67	42	29	-16	-35	-17	22	27	-47	-68	-69	-78	-101	-96	-58	-61	-62	-42	-54	-40	-26	-34	-44	-32	-56	218	145	120	255	133	68	57	155	120	84	97	81	70	55	91	92	90	105	96	60	61	67	51	66	65	66	58	81	69	93	292.70	294.40	3.30	49.80	62.30	9.30	42.90	79.20	97.70	114.70	100.10	74.20	67.40	149.20	138.60	138.50	150.60	163.50	183.60	196.30	173.50	158.00	145.40	144.90	128.10	113.10	125.90	122.90	117.70	127.10	8.21509182	-164.66739985	8.17808663	-164.69623620
405	15	07	13	15	36	49	34		159	147	141	136	137	137	132	126	115	106	102	98	88	82	77	72	67	62	58	55	52	50	49	49	50	50	50	49	48	50	-162	-115	126	252	99	-38	15	125	130	112	92	70	76	60	76	68	52	28	2	27	33	32	30	10	34	59	88	73	85	89	40	68	126	125	20	43	-16	-99	-126	-110	-62	-6	3	-48	-58	-59	-47	-54	-62	-51	-55	-60	-40	-7	9	-8	-13	6	12	-2	167	134	178	281	101	57	22	159	181	157	111	70	76	77	96	90	70	61	62	58	64	68	50	12	35	60	89	73	86	89	283.90	300.60	45.00	63.60	78.60	318.50	136.80	128.40	134.10	134.50	124.00	94.90	87.70	128.70	127.30	130.90	132.10	152.60	178.20	152.10	149.00	151.90	143.10	125.00	75.20	97.70	98.40	85.30	82.00	91.30	8.17801681	-164.69627718	8.13852615	-164.72259569
406	15	07	13	15	56	51	03		156	141	134	124	126	126	124	118	110	104	102	100	94	87	83	80	77	74	70	66	61	57	53	51	50	50	49	49	49	50	-164	-34	246	314	126	10	47	106	132	58	69	52	34	45	65	88	67	15	2	20	26	22	1	9	5	27	45	55	70	52	44	65	99	40	3	33	7	-115	-115	-132	-79	-26	15	-23	-41	-61	-52	-2	-10	-28	-11	-33	1	13	3	26	3	-23	-6	-20	170	73	265	317	126	34	48	156	175	144	105	58	37	51	77	107	85	15	10	34	28	40	1	16	6	37	45	60	70	56	285.00	332.40	68.10	82.70	88.60	16.90	81.50	137.30	131.10	156.30	138.90	116.60	66.20	117.10	122.20	124.70	127.80	97.60	168.70	144.50	112.90	146.30	45.00	34.70	59.00	46.10	86.20	112.70	94.90	111.00	8.13845247	-164.72263031	8.10049284	-164.75089836
407	15	07	13	16	16	52	77		150	131	127	124	122	124	118	109	100	96	96	94	84	72	68	66	64	63	61	60	59	58	59	58	58	56	54	54	53	54	-119	20	260	249	41	-30	4	46	-7	-28	-28	-39	-20	-1	13	15	-9	-26	-43	-49	-25	9	-6	0	-6	1	36	63	50	42	30	89	45	-39	-54	52	81	14	27	-23	-26	-5	22	-17	-26	-28	-16	23	25	-5	-22	-12	-27	-17	4	40	38	16	13	-9	123	91	264	252	68	60	81	48	28	36	38	39	30	17	29	32	18	35	50	49	33	15	28	17	7	40	52	65	52	43	284.10	12.70	80.20	98.90	142.80	330.00	2.80	73.10	345.50	230.60	227.10	262.70	317.70	183.40	153.40	151.80	209.40	311.50	300.20	264.20	228.70	143.10	192.50	180.00	303.70	1.40	43.50	75.70	75.40	102.10	8.10042897	-164.75094764	8.06260102	-164.77981215
408	15	07	13	16	36	47	58		139	119	118	116	122	127	116	104	90	84	88	89	84	70	62	59	57	55	54	52	51	50	48	48	48	48	47	46	46	47	-110	58	283	123	-18	-4	37	2	35	-45	-25	-7	-17	17	17	-8	-34	-33	-37	-44	-26	-38	-18	-21	8	-16	-18	-32	-26	12	-9	59	-30	-31	-35	55	38	40	43	74	27	-10	23	63	45	5	4	-14	6	10	0	5	6	-3	-23	1	10	5	40	36	110	83	285	127	39	55	53	40	55	87	37	12	29	65	48	9	34	36	37	45	26	38	19	21	24	16	21	32	48	38	265.30	44.50	96.10	104.10	207.20	355.80	44.20	2.90	39.10	328.70	317.20	215.00	323.50	15.10	20.70	302.00	276.70	247.00	279.20	282.80	270.00	277.50	288.40	261.90	160.80	273.60	299.10	278.90	327.00	18.40	8.06253447	-164.77985616	8.02390714	-164.80837902
409	15	07	13	16	56	49	28		128	113	113	112	112	118	116	101	88	87	86	86	78	61	50	49	51	52	50	46	42	40	40	42	44	45	46	44	42	38	-129	-7	239	333	95	33	40	51	44	-5	11	3	-9	-17	-9	-26	-48	-33	-43	-21	-15	-38	-25	-23	-19	-1	16	29	-4	-24	-70	21	23	-24	43	44	57	45	13	12	5	0	30	42	25	-13	-44	-36	-4	16	11	6	-10	-6	-17	3	9	12	27	12	147	22	240	334	104	55	70	68	46	13	12	3	31	45	27	29	65	49	43	26	19	38	27	24	25	3	18	31	27	27	241.50	341.60	84.50	94.10	65.60	36.90	35.10	48.60	73.50	337.40	65.60	90.00	343.30	338.00	340.20	243.40	227.50	222.50	264.70	307.30	306.30	279.00	248.20	255.40	228.20	341.60	60.60	67.50	351.60	296.60	8.02384352	-164.80842881	7.98633937	-164.83855236
410	15	07	13	17	16	51	03		125	112	110	110	113	113	110	101	89	86	88	88	84	66	51	48	50	52	48	43	42	38	34	32	32	34	38	41	42	41	-94	42	252	383	135	-2	-15	19	13	17	33	3	12	9	15	3	-6	-3	1	-9	-1	4	12	-8	-21	2	16	23	23	23	-60	5	48	-30	21	80	52	24	-23	-57	6	39	34	25	42	-48	-61	-32	-3	-6	26	38	14	19	-4	16	-8	10	-11	29	112	42	257	384	137	80	54	31	26	59	34	39	36	27	45	48	61	32	3	11	26	38	18	21	21	16	18	25	25	37	237.40	83.20	79.20	94.50	81.20	358.60	343.90	38.40	150.50	163.40	79.70	4.40	19.40	19.80	19.70	176.40	185.60	185.40	161.60	236.30	357.80	6.00	40.60	337.20	259.20	7.10	116.60	66.50	115.60	38.40	7.98627550	-164.83860031	7.94827664	-164.86850300
411	15	07	13	17	36	52	75		122	108	104	107	112	113	110	104	92	84	86	94	82	63	54	45	44	46	46	43	46	44	34	28	27	28	33	38	39	39	-53	41	274	420	132	22	8	-5	-16	43	-9	-6	11	-4	29	43	53	-2	-7	-3	7	14	18	21	22	16	12	32	44	31	-24	50	16	-83	-5	54	60	17	-40	-61	2	51	91	59	29	-35	-73	-54	-17	-11	9	72	62	30	14	-20	18	-4	22	10	58	65	274	428	132	58	61	18	43	75	9	51	92	59	41	55	90	54	18	11	11	73	65	37	26	26	22	32	49	33	245.60	39.40	86.70	101.20	92.20	22.20	7.60	343.60	201.80	144.80	282.50	353.30	6.90	356.10	45.00	129.10	144.00	182.10	202.40	195.30	37.90	11.00	16.20	35.00	57.50	141.30	33.70	97.10	63.40	72.10	7.94821537	-164.86855363	7.90961050	-164.89516717
412	15	07	13	17	56	47	56		131	110	104	106	114	119	115	106	90	78	82	92	89	72	58	49	46	46	46	43	35	28	24	23	23	24	29	35	38	38	-79	33	268	415	135	28	60	19	28	69	-15	1	12	-3	8	43	66	34	8	-8	48	16	46	-35	-8	-13	16	26	39	22	42	18	-40	-94	-58	9	35	6	-54	-38	-26	2	26	47	33	-3	-67	-69	-44	11	35	39	20	-23	5	11	-4	-8	1	-4	89	38	271	426	147	29	69	20	61	79	30	2	29	47	34	43	94	77	45	14	59	42	50	42	9	17	16	27	39	22	298.00	61.40	98.50	102.80	113.20	72.20	59.70	72.50	152.60	118.80	210.00	26.60	24.80	356.30	13.60	94.00	135.40	153.80	169.70	324.00	53.90	22.30	66.50	236.70	302.00	310.20	104.00	107.10	88.50	100.30	7.90954613	-164.89521864	7.87100321	-164.92263601
413	15	07	13	18	16	49	25		136	111	106	109	116	116	110	101	85	79	84	92	86	70	56	50	45	48	48	42	33	26	24	22	21	22	25	30	36	38	-119	46	336	308	44	47	89	51	55	95	29	14	48	33	4	37	43	4	19	41	14	10	-3	1	13	45	18	42	34	13	49	-19	-129	-95	-22	-3	33	68	36	68	49	46	72	78	77	63	0	-24	1	45	53	10	-14	25	-25	-35	-34	-56	-44	-31	129	50	360	322	49	47	95	85	66	117	57	48	87	85	77	73	43	24	19	61	55	14	14	25	28	57	38	70	56	34	292.40	112.40	111.00	107.10	116.60	93.70	69.70	36.90	56.80	54.40	30.60	16.90	33.70	22.90	3.00	30.40	90.00	170.50	87.00	42.30	14.80	45.00	192.10	2.30	152.50	127.90	152.10	143.10	142.30	157.20	7.87094068	-164.92268102	7.83244737	-164.95041146
414	15	07	13	18	36	50	94		134	106	102	106	117	117	108	94	80	82	91	96	90	77	60	50	44	46	47	42	33	25	22	22	21	22	26	34	41	45	-64	97	336	223	-8	44	67	34	85	45	-22	-1	20	20	-3	27	56	31	29	45	53	18	13	-43	42	23	40	48	19	28	103	39	-91	-34	-23	-32	26	3	-28	23	34	26	62	79	63	53	48	37	57	70	39	37	-1	9	33	13	-41	-72	-74	-71	121	105	348	226	24	54	72	34	89	51	40	26	65	81	63	59	74	48	64	83	66	41	13	44	53	26	57	87	76	76	328.10	68.10	105.20	98.70	199.20	126.00	68.80	85.00	108.20	62.90	327.10	357.80	17.90	14.20	357.30	27.00	49.40	40.00	27.00	32.70	53.70	25.90	94.40	281.80	51.80	60.50	135.70	146.30	165.60	158.50	7.83237521	-164.95044230	7.79570564	-164.97926231
415	15	07	13	18	56	52	63		131	106	104	104	116	119	113	99	85	76	80	94	95	78	64	56	51	48	43	35	26	22	21	21	20	21	25	33	41	45	-99	131	338	197	-60	-47	55	-10	0	43	42	-10	19	28	1	26	41	31	54	61	40	-7	3	-7	57	17	47	20	22	22	150	47	-152	-55	-39	-100	-10	-6	-104	-33	35	18	53	70	60	43	46	62	60	47	26	7	-23	9	21	-30	-51	-73	-91	-101	180	139	371	205	72	110	56	12	104	54	55	21	56	75	60	50	62	69	81	77	48	10	23	11	61	34	69	76	94	103	326.60	70.30	114.20	105.60	237.00	205.20	100.30	239.00	180.00	127.50	50.20	330.90	19.70	21.80	1.00	31.20	41.70	26.60	42.00	52.40	57.00	315.00	172.60	322.10	69.80	150.50	137.30	164.70	166.40	167.70	7.79563867	-164.97931201	7.75876600	-165.00713297
416	15	07	13	19	16	47	42		134	107	103	101	108	115	113	97	83	78	83	94	92	74	61	51	45	44	40	34	26	22	21	20	20	21	22	28	37	44	-107	41	282	309	24	-54	62	14	49	66	-3	-46	-27	8	37	60	53	60	62	55	65	21	35	52	82	24	58	59	51	83	165	90	-127	-143	38	-29	45	44	-5	65	91	56	69	68	55	74	63	54	58	63	26	-45	7	1	-3	-56	-53	-80	-55	-54	197	99	309	340	45	61	77	46	49	93	91	72	74	68	66	95	82	81	85	84	70	50	36	52	82	61	79	99	75	99	327.00	24.50	114.20	114.80	32.30	241.80	54.00	17.70	95.80	45.40	358.10	320.60	338.60	6.70	33.90	39.00	40.10	48.00	46.90	41.10	68.20	155.00	78.70	88.90	92.10	156.80	132.40	143.60	137.20	123.00	7.75869836	-165.00715870	7.72085985	-165.03372850
417	15	07	13	19	36	49	11		145	112	104	104	104	114	115	100	81	78	78	87	93	78	59	48	39	38	38	34	26	21	19	18	19	18	20	24	35	44	-149	-26	236	338	34	-82	5	-68	21	55	-20	-65	-59	-39	-17	19	59	29	54	54	38	55	-18	-9	32	14	60	30	38	52	183	85	-159	-276	15	21	65	12	-40	61	103	70	41	50	49	34	15	28	19	-5	-25	-22	-36	-10	-13	-54	-18	-32	-64	-70	236	89	285	436	37	85	65	69	45	82	105	96	72	63	52	39	61	40	57	54	45	59	40	13	35	56	63	44	74	87	320.80	343.00	124.00	129.20	66.20	284.40	4.40	280.00	152.30	42.00	349.00	317.10	304.80	322.00	340.90	29.20	75.70	46.00	70.60	95.30	123.30	111.80	206.60	222.00	112.10	165.50	106.70	136.80	149.30	143.40	7.72079313	-165.03376496	7.71018885	-165.04073803
418	15	07	13	19	56	50	91		148	112	108	106	103	111	115	102	82	79	78	84	92	83	63	51	39	36	37	34	28	21	18	17	17	17	17	20	29	40	-58	6	264	357	132	-48	20	-44	15	54	11	-68	-66	-84	-49	-2	6	19	26	36	14	41	50	-5	69	45	34	71	43	45	260	182	-48	-170	62	86	133	73	19	92	152	128	97	101	90	77	67	42	73	40	20	-2	14	-28	-47	9	-18	18	6	-6	266	182	268	395	146	98	134	85	24	107	152	145	117	131	102	77	67	46	77	54	24	41	52	28	83	46	38	73	43	45	347.40	1.90	100.30	115.50	64.80	330.80	8.60	328.90	38.30	30.40	4.10	332.00	325.80	320.30	331.40	358.50	5.10	24.30	19.60	42.00	35.00	92.80	74.40	190.10	124.30	78.70	117.90	75.80	82.10	97.60	7.71019103	-165.04073937	7.71252916	-165.04171084
419	15	07	13	20	16	52	61		148	116	110	106	106	112	115	99	82	80	79	86	92	80	62	49	40	38	38	32	26	22	17	18	18	17	18	20	28	38	-86	36	208	281	43	-59	9	-29	48	70	-2	-47	-58	-58	-39	13	34	24	18	16	9	30	24	-24	43	56	94	68	67	47	225	145	-50	-140	81	75	104	33	22	101	134	92	66	86	68	55	47	57	29	23	2	-39	-1	9	-68	-32	-43	4	-2	-7	241	149	214	314	92	95	104	44	53	123	134	103	88	104	78	57	58	62	34	28	9	49	24	26	80	64	103	68	67	48	339.10	13.90	103.50	116.50	28.00	321.80	4.90	318.70	65.40	34.70	359.10	332.90	318.70	326.00	330.20	13.30	35.90	22.80	31.80	34.80	77.50	142.40	92.40	290.60	147.70	119.70	114.60	86.60	91.70	98.50	7.71253134	-165.04171151	7.71449380	-165.04246454
420	15	07	13	20	36	47	44		144	109	105	100	103	112	113	96	82	80	82	89	91	76	60	48	42	40	36	32	23	20	18	18	18	18	18	20	28	38	-125	-35	148	272	35	-59	-2	-30	49	45	-27	-48	-47	-31	-5	27	13	24	14	16	11	38	6	-5	22	22	37	17	38	46	176	86	-15	-134	77	72	108	27	35	131	159	86	87	62	41	26	30	36	21	-6	-12	-47	-31	-63	-50	-43	-41	-15	-37	-35	216	93	149	303	85	93	108	40	60	139	161	98	99	69	41	37	33	43	25	17	16	60	32	63	55	48	55	23	53	58	324.60	337.90	95.80	116.20	24.40	320.70	358.90	312.00	54.50	19.00	350.40	330.80	331.60	333.40	353.00	46.10	23.40	33.70	33.70	110.60	137.50	141.00	169.00	184.50	156.30	152.90	137.90	131.40	134.20	127.30	7.71449363	-165.04246630	7.71580230	-165.04376600
421	15	07	13	20	56	49	13		145	105	102	101	104	114	114	99	84	81	83	94	90	74	58	45	42	41	36	29	23	20	18	19	20	20	20	23	30	39	-93	37	202	269	37	-48	-34	-55	51	30	-49	-56	-42	-20	27	53	44	54	30	65	47	60	22	70	50	26	57	24	47	63	178	81	-89	-141	93	103	110	24	23	98	89	73	81	88	73	45	54	43	-1	13	-14	4	-9	-31	-40	-51	-64	-50	-54	-54	201	89	221	304	100	114	115	60	56	102	102	92	91	90	78	70	70	69	30	66	49	60	24	77	64	57	86	55	72	83	332.40	24.60	113.80	117.70	21.70	335.00	342.80	293.60	65.70	17.00	331.20	322.50	332.60	347.20	20.30	49.70	39.20	51.50	91.90	78.70	106.60	86.20	112.20	113.90	128.70	153.00	138.30	154.40	139.00	130.60	7.71580984	-165.04377019	7.68590120	-165.06054548
422	15	07	13	21	16	50	88		133	101	103	102	105	113	114	107	96	86	89	92	85	68	51	42	40	40	37	32	28	21	19	21	22	22	23	27	36	43	-65	55	214	258	-22	-95	-134	-116	5	-21	-61	-78	-55	-21	25	40	51	33	66	71	80	57	32	76	57	37	39	39	46	59	132	42	-104	-65	38	61	79	-36	40	89	99	69	78	101	66	36	5	6	16	-16	-5	-34	-51	-47	-41	-52	-66	-97	-109	-48	147	69	238	266	44	113	156	121	40	91	116	104	95	103	71	54	51	34	68	73	80	66	60	89	70	64	77	105	118	76	333.80	52.60	115.90	104.10	329.90	302.70	300.50	252.80	7.10	346.70	328.40	311.50	324.80	348.30	20.70	48.00	84.40	79.70	76.40	102.70	93.60	120.80	147.90	121.70	125.70	144.60	149.40	158.10	157.10	129.10	7.68583263	-165.06058202	7.64454346	-165.07813599
423	15	07	13	21	36	52	58		120	100	103	103	106	117	115	108	100	90	93	86	75	64	53	44	41	39	37	34	30	25	24	23	24	22	22	25	33	41	-44	64	216	213	-45	-92	-98	-103	-28	-56	-98	-74	-67	-37	-3	-24	-20	13	16	26	37	24	-11	16	-5	-4	-12	7	-19	-2	123	47	-53	-67	-23	27	149	57	64	100	116	89	51	35	47	47	23	47	12	18	33	9	-1	-17	-25	-26	-26	-61	-60	-33	131	79	222	223	51	96	178	118	70	115	152	116	84	51	47	53	30	49	20	32	50	26	11	23	25	26	29	61	63	33	340.30	53.70	103.80	107.50	242.90	286.40	326.70	299.00	336.40	330.80	319.80	320.30	307.30	313.40	356.30	332.90	319.00	15.50	53.10	55.30	48.30	69.40	264.80	136.70	191.30	188.70	204.80	173.50	197.60	183.50	7.64447465	-165.07817513	7.60394353	-165.09605113
424	15	07	13	21	56	47	36		114	98	104	109	116	119	113	104	96	90	90	88	75	66	58	49	47	45	39	35	31	28	26	25	23	20	18	18	23	30	-25	67	206	160	11	-29	-54	-41	6	-32	-89	-84	-60	-42	-30	-20	-37	-9	28	50	68	36	10	5	47	7	3	-1	-24	-12	-27	-78	-114	-100	-60	69	164	75	70	80	63	50	19	-2	23	8	-8	23	28	-29	-31	-33	-46	-23	-39	-65	-4	-44	-64	-53	37	103	235	189	61	75	173	85	70	86	109	98	63	42	38	22	38	25	40	58	75	49	47	24	61	65	5	44	68	54	222.80	139.30	119.00	122.00	169.60	337.20	341.80	331.30	4.90	338.20	305.30	300.80	287.60	267.30	307.50	291.80	257.80	338.60	45.00	120.10	114.50	132.50	167.70	167.70	129.70	173.90	143.10	181.30	200.60	192.80	7.60386667	-165.09604954	7.56359682	-165.11303614
425	15	07	13	22	16	49	08		113	92	102	107	110	116	114	106	95	91	93	90	79	72	64	55	47	46	43	39	36	33	28	23	22	20	18	18	24	31	-48	70	251	242	84	21	-37	-31	-27	-113	-123	-110	-74	-51	-44	-50	-58	-57	-28	-19	18	46	10	23	-44	-49	-26	-26	-52	-51	-67	-167	-192	-110	45	210	179	99	156	161	106	93	77	31	48	64	81	68	72	72	68	41	41	-7	-3	14	18	-32	-58	-42	82	181	316	266	95	211	183	104	158	197	162	144	107	60	65	81	100	89	77	74	70	62	42	24	44	51	32	41	78	66	215.60	157.30	127.40	114.40	61.80	5.70	348.30	342.60	350.20	324.90	310.80	310.20	316.10	301.30	317.50	322.00	324.40	320.00	338.70	345.20	14.80	48.30	13.70	106.90	266.10	285.90	304.70	219.10	221.90	230.50	7.56346447	-165.11309003	7.52094702	-165.12850930
426	15	07	13	22	36	50	78		124	94	100	100	104	115	116	110	100	87	82	86	86	79	68	56	51	49	46	41	37	33	26	22	21	20	19	18	19	24	-12	55	233	263	100	42	-8	-43	-41	-130	-178	-161	-142	-119	-93	-104	-101	-91	-68	-83	-59	-39	-18	-63	-61	-57	-56	-84	-128	-116	-47	-150	-213	-155	-84	15	59	-26	-12	91	28	26	28	5	32	41	47	66	73	69	65	68	55	10	37	18	1	-28	-36	-21	49	160	316	305	131	45	60	50	43	159	180	163	145	119	98	112	111	112	100	108	88	78	58	64	71	60	56	89	133	118	194.30	159.90	132.40	120.50	130.00	70.30	352.30	238.80	253.70	305.00	278.90	279.20	281.20	272.40	289.00	291.50	295.00	306.00	317.00	309.70	317.80	330.20	341.90	279.00	301.20	287.50	271.00	251.60	254.30	259.70	7.52087980	-165.12854216	7.47821851	-165.14463181
427	15	07	13	22	56	52	48		124	93	104	106	106	118	117	106	100	88	78	75	78	73	61	50	47	46	44	42	37	29	22	20	20	21	20	22	29	36	12	105	239	253	100	-4	-6	-58	-68	-85	-164	-192	-169	-114	-98	-98	-108	-87	-72	-42	-30	-1	-13	4	-56	-46	-85	-60	-89	-47	92	-32	-189	-212	-135	-42	52	-54	-87	13	22	-9	-45	-41	-5	20	39	34	25	32	15	44	1	4	-9	20	33	-6	10	18	93	110	305	330	168	42	52	79	110	86	165	192	175	121	98	100	115	93	76	53	34	44	13	6	57	50	91	60	90	50	7.40	106.90	128.30	130.00	143.50	185.40	353.40	227.00	218.00	278.70	277.60	267.30	255.10	250.20	267.10	281.50	289.90	291.30	289.10	307.30	296.60	358.70	274.40	45.00	260.90	293.50	291.20	264.30	276.40	291.00	7.47814785	-165.14465435	7.45117337	-165.15606154
428	15	07	13	23	16	47	28		126	102	108	106	99	110	118	109	100	90	81	76	76	72	65	56	49	46	41	36	34	29	24	20	20	20	20	20	26	34	163	218	348	327	216	95	68	34	-25	-36	-98	-191	-199	-160	-123	-130	-116	-110	-66	-62	-75	-38	-13	-42	-54	-73	-88	-102	-81	-76	154	24	-107	-197	-147	-120	20	39	-36	-41	51	39	-29	-22	-18	6	6	22	20	20	-6	44	22	-42	-10	-29	33	-10	-2	-1	224	219	364	382	261	153	71	52	44	55	110	195	201	162	124	130	116	112	69	65	75	58	26	59	55	79	94	102	81	76	46.60	83.70	107.10	121.10	124.20	141.60	73.60	41.10	214.80	221.30	297.50	281.50	261.70	262.20	261.70	272.60	273.00	281.30	286.90	287.90	265.40	319.20	329.40	225.00	259.50	248.30	290.60	264.40	268.60	269.20	7.45110699	-165.15608015	7.41278853	-165.17219318
429	15	07	13	23	36	49	05		123	107	110	112	109	101	108	112	101	91	82	78	80	80	72	61	53	46	43	38	34	33	29	25	22	22	21	20	23	30	172	270	364	421	310	233	95	53	-33	-25	-105	-149	-208	-215	-183	-152	-178	-172	-162	-157	-131	-128	-103	-94	-111	-145	-166	-213	-170	-162	111	30	-120	-82	-109	-90	21	119	108	18	59	94	41	-16	-15	-14	4	34	45	28	28	22	27	16	34	1	45	26	26	0	205	272	383	429	329	250	97	130	113	31	120	176	212	216	184	153	178	175	168	159	134	130	106	95	116	145	172	215	172	162	57.20	83.70	108.20	101.00	109.40	111.10	77.50	24.00	343.00	305.80	299.30	302.20	281.20	265.70	265.30	264.70	271.30	281.20	285.50	280.10	282.10	279.80	284.70	279.70	287.00	270.40	285.20	277.00	278.70	270.00	7.41272332	-165.17222813	7.37513551	-165.18877116
430	15	07	13	23	56	50	75		124	101	106	114	118	105	98	109	106	96	88	83	84	80	68	60	52	45	42	41	37	32	29	26	23	22	21	23	26	30	135	250	361	386	261	235	112	64	22	16	-32	-118	-149	-146	-122	-121	-143	-162	-128	-119	-90	-116	-119	-129	-124	-145	-164	-175	-173	-168	121	34	-133	-160	-151	-92	39	134	88	22	58	81	38	24	20	47	72	27	34	26	48	65	20	33	18	11	54	34	19	15	181	252	385	418	302	252	119	148	91	27	66	143	154	148	124	130	160	164	132	122	102	133	121	133	125	145	173	178	174	169	48.10	82.30	110.20	112.50	120.10	111.40	70.80	25.50	14.00	36.00	331.10	304.50	284.30	279.30	279.30	291.20	296.70	279.50	284.90	282.30	298.10	299.30	279.50	284.30	278.30	274.30	288.20	281.00	276.30	275.10	7.37507299	-165.18879832	7.33788097	-165.20620284
431	15	07	14	00	16	52	44		142	107	100	94	90	102	112	105	101	95	88	86	86	81	70	61	56	52	48	44	41	36	29	24	22	22	21	21	24	29	46	95	193	313	318	171	120	60	-15	-19	-78	-142	-171	-143	-128	-116	-144	-142	-127	-131	-112	-103	-80	-113	-132	-149	-146	-165	-146	-167	124	41	-126	-199	-74	-54	44	120	63	7	45	62	2	-24	15	4	26	-6	-10	-3	6	27	39	-3	-13	-13	15	6	28	28	132	103	230	371	326	179	128	134	65	20	90	155	171	145	129	116	146	142	127	131	112	106	89	113	133	150	147	165	149	169	20.40	66.70	123.10	122.40	103.10	107.50	69.90	26.60	346.60	290.20	300.00	293.60	270.70	260.50	276.70	272.00	280.20	267.60	265.50	268.70	273.10	284.70	296.00	268.50	264.40	265.00	275.90	272.10	280.90	279.50	7.33781903	-165.20622882	7.30027783	-165.22500521
432	15	07	14	00	36	47	33		130	105	104	95	92	102	109	103	96	90	86	90	88	74	62	58	54	51	48	44	39	34	27	22	20	21	21	21	23	29	56	97	148	289	275	202	105	61	-28	-60	-99	-148	-135	-128	-106	-130	-140	-110	-115	-112	-94	-68	-56	-60	-108	-153	-169	-141	-147	-134	188	107	-12	-171	-139	-155	-76	49	36	23	26	24	-6	-3	21	15	-21	-25	-57	-32	-13	0	37	21	21	32	53	34	35	13	196	144	148	336	308	255	130	78	46	64	102	150	135	128	108	131	142	113	128	116	95	68	67	64	110	156	177	145	151	135	16.60	42.20	94.60	120.60	116.80	127.50	125.90	51.20	322.10	291.00	284.70	279.20	267.50	268.70	281.20	276.60	261.50	257.20	243.60	254.10	262.10	270.00	303.50	289.30	281.00	281.80	287.40	283.60	283.40	275.50	7.30020834	-165.22502046	7.26230965	-165.24164337
433	15	07	14	00	56	49	02		128	110	106	102	100	99	108	108	99	88	80	82	85	76	64	56	50	44	40	38	36	33	27	22	19	20	21	20	20	24	81	86	110	224	184	238	102	48	10	5	-37	-66	-82	-44	-56	-67	-86	-82	-78	-49	-52	-45	-62	-72	-99	-127	-142	-146	-140	-118	211	119	-37	-219	-203	-120	-77	61	36	6	-6	-12	-24	-5	5	0	-7	-16	-17	-18	-16	6	48	18	11	4	61	36	24	13	226	147	116	313	274	267	128	78	37	8	37	67	85	44	56	67	86	84	80	52	54	45	78	74	100	127	155	150	142	119	21.00	35.90	108.60	134.40	137.80	116.80	127.00	38.20	15.50	39.80	260.80	259.70	253.70	263.50	275.10	270.00	265.30	259.00	257.70	249.80	252.90	277.60	307.70	284.00	276.30	271.80	293.20	283.90	279.70	276.30	7.26224301	-165.24166734	7.22465646	-165.25788548
434	15	07	14	01	16	50	75		120	108	104	98	91	92	108	111	102	92	80	82	88	82	67	56	49	42	42	46	43	39	33	25	20	20	20	20	21	26	214	195	176	284	299	237	129	97	49	24	-19	-30	-66	-74	-44	-77	-86	-89	-95	-99	-76	-56	-45	-34	-94	-94	-122	-169	-109	-115	225	220	94	-49	-45	-57	-81	21	74	55	16	-45	-18	-17	4	15	25	9	-27	-23	-11	14	63	95	67	27	21	48	45	22	311	294	200	288	302	244	152	99	89	60	25	54	68	76	44	78	90	89	99	102	77	58	77	101	115	98	124	176	118	117	43.60	41.60	61.90	99.80	98.60	103.50	122.10	77.80	33.50	23.60	310.10	213.70	254.70	257.10	275.20	281.00	286.20	275.80	254.10	256.90	261.80	284.00	324.50	340.30	305.50	286.00	279.80	285.90	292.40	280.80	7.22452613	-165.25793033	7.18618780	-165.27172853
435	15	07	14	01	36	52	55		119	104	98	94	86	97	113	111	104	94	84	88	90	81	64	56	50	41	39	41	40	37	32	26	23	22	21	20	21	26	288	261	288	408	449	349	245	160	75	22	0	-9	-10	-28	-44	-61	-41	-56	-85	-78	-66	-44	-40	-51	-63	-97	-115	-115	-78	-118	228	236	147	17	-13	-50	-84	-29	59	52	-21	-66	-93	-52	-6	-20	-7	0	-8	-6	1	11	76	58	34	-6	24	19	33	1	367	352	323	408	449	353	259	163	95	56	21	67	94	59	44	64	42	56	85	78	66	45	86	77	72	97	117	117	85	118	51.60	47.90	63.00	87.60	91.70	98.20	108.90	100.30	51.80	22.90	180.00	187.80	186.10	208.30	262.20	251.80	260.30	270.00	264.60	265.60	270.90	284.00	332.20	318.70	298.40	266.50	281.80	279.40	292.90	270.50	7.18612720	-165.27175468	7.14850587	-165.28452686
436	15	07	14	01	56	47	33		111	100	97	94	94	101	111	108	102	96	90	92	88	76	64	56	51	46	43	42	40	34	28	26	28	27	26	26	25	25	282	323	343	419	370	254	205	163	59	59	26	-2	6	-25	-58	-57	-56	-65	-95	-82	-57	-57	-63	-71	-96	-110	-106	-121	-111	-102	216	164	87	-16	-39	-64	-78	-7	49	81	7	-15	-20	5	6	10	8	21	10	27	40	51	78	46	62	25	48	32	45	41	355	362	354	419	372	262	219	163	77	100	27	15	21	25	58	58	57	68	96	86	70	76	100	85	114	113	116	125	120	110	52.50	63.10	75.80	92.20	96.00	104.10	110.80	92.50	50.30	36.10	74.90	187.60	163.30	281.30	275.90	280.00	278.10	287.90	276.00	288.20	305.10	311.80	321.10	302.90	302.90	282.80	294.40	284.80	292.10	291.90	7.14844367	-165.28454815	7.11104069	-165.29982316
437	15	07	14	02	16	49	13		111	100	95	90	89	107	113	106	102	98	92	91	87	76	65	58	52	46	45	42	39	33	27	27	28	28	26	27	28	30	298	357	413	444	394	311	207	125	56	46	2	-24	-39	-68	-67	-98	-72	-89	-95	-104	-82	-112	-106	-134	-116	-151	-99	-135	-115	-131	121	99	5	-30	-31	24	-4	7	55	44	-51	-77	-74	-59	-45	-46	-40	-47	-24	-17	-11	0	-31	-3	0	6	-14	2	5	-38	322	370	413	445	395	312	207	125	78	64	51	81	84	90	81	108	82	101	98	105	83	112	110	134	116	151	100	135	115	136	67.90	74.50	89.30	93.90	94.50	85.60	91.10	86.80	45.50	46.30	177.80	197.30	207.80	229.10	236.10	244.90	240.90	242.20	255.80	260.70	262.40	270.00	253.70	268.70	270.00	272.30	262.00	270.80	272.50	253.80	7.11097514	-165.29983900	7.07349999	-165.31591835
438	15	07	14	02	36	50	91		124	108	94	87	82	96	114	106	100	98	96	98	88	73	62	56	50	49	48	42	33	27	24	25	28	28	26	28	31	38	416	489	548	491	464	403	271	174	76	20	-43	-72	-89	-94	-118	-107	-122	-148	-174	-161	-143	-144	-170	-179	-158	-167	-173	-171	-156	-146	219	174	104	-44	-53	-37	-3	-51	-40	-25	-95	-140	-114	-88	-80	-76	-73	-50	-47	-22	-15	-31	-19	-22	-30	-29	-27	-31	-64	-66	470	519	558	493	467	405	271	181	86	32	104	157	145	129	143	131	142	156	180	162	144	147	171	180	161	169	175	174	169	160	62.20	70.40	79.30	95.10	96.50	95.20	90.60	106.30	117.80	141.30	204.40	207.20	218.00	226.90	235.90	234.60	239.10	251.30	254.90	262.20	264.00	257.90	263.60	263.00	259.20	260.10	261.10	259.70	247.70	245.70	7.07343520	-165.31594366	7.03567917	-165.33009131
439	15	07	14	02	56	52	59		132	112	94	93	84	87	106	104	95	94	95	98	90	76	62	56	52	49	49	47	41	32	26	26	26	25	25	24	25	29	416	475	533	494	439	365	219	136	42	-22	-91	-108	-122	-135	-134	-146	-151	-164	-211	-214	-204	-195	-171	-209	-190	-183	-190	-223	-196	-180	252	233	99	-116	-108	-68	-2	-62	-60	-29	-75	-117	-118	-104	-95	-101	-96	-94	-113	-70	-61	-66	-68	-71	-51	-68	-31	-43	-67	-61	486	529	542	507	452	371	219	149	73	36	118	159	170	170	164	178	179	189	239	225	213	206	184	221	197	195	193	227	207	190	58.80	63.90	79.50	103.20	103.80	100.60	90.50	114.50	145.00	217.20	230.50	222.70	226.00	232.40	234.70	235.30	237.60	240.20	241.80	251.90	253.40	251.30	248.30	251.20	255.00	249.60	260.70	259.10	251.10	251.30	7.03562653	-165.33010916	7.01199685	-165.33729119
440	15	07	14	03	16	47	39		143	116	95	90	88	99	112	110	94	89	87	94	89	73	61	56	52	52	51	47	41	35	32	30	29	27	26	26	28	31	456	483	557	528	411	319	192	106	100	16	-47	-89	-89	-85	-97	-82	-92	-91	-104	-141	-145	-145	-121	-143	-152	-190	-169	-148	-139	-122	248	217	101	-63	-89	-158	-104	-127	-122	-86	-16	-56	-49	-21	-10	-21	-17	-29	-5	3	10	-8	-9	18	-29	-24	-30	-53	-31	-45	519	530	566	532	421	356	218	165	158	87	50	105	102	88	98	85	94	96	104	141	145	145	121	144	155	192	172	157	142	130	61.50	65.80	79.70	96.80	102.20	116.30	118.40	140.20	140.70	169.50	251.20	237.80	241.20	256.10	264.10	255.60	259.50	252.30	267.20	271.20	273.90	266.80	265.70	277.20	259.20	262.80	259.90	250.30	257.40	249.80	7.01198503	-165.33728214	6.97573733	-165.35081170
441	15	07	14	03	36	49	13		152	124	98	90	100	108	110	106	93	86	83	89	88	72	60	52	48	46	48	46	41	37	34	31	28	27	26	28	31	33	391	416	483	456	367	346	255	119	93	25	-95	-148	-98	-104	-124	-118	-120	-119	-126	-142	-143	-162	-163	-178	-141	-150	-176	-170	-173	-140	159	109	4	-145	-113	-179	-170	-108	-118	-121	-67	-78	-75	-25	-10	8	4	-19	-52	-3	-2	10	22	41	13	6	-8	-41	-21	-5	422	430	483	478	384	390	306	161	150	124	116	167	123	107	124	118	120	121	136	142	143	162	164	183	142	150	176	175	174	140	67.90	75.30	89.50	107.60	107.10	117.40	123.70	132.20	141.80	168.30	234.80	242.20	232.60	256.50	265.40	273.90	271.90	260.90	247.60	268.80	269.20	273.50	277.70	283.00	275.30	272.30	267.40	256.40	263.10	268.00	6.97566952	-165.35082730	6.93576763	-165.36488182
442	15	07	14	03	56	50	91		155	128	102	89	92	105	110	105	89	82	83	92	90	74	58	52	48	45	46	46	42	38	34	30	30	32	34	35	38	38	348	405	476	503	416	350	295	214	136	84	-80	-96	-80	-79	-65	-71	-62	-80	-101	-103	-117	-126	-128	-122	-113	-131	-134	-116	-117	-125	23	10	-74	-238	-241	-136	-144	-78	-69	-94	-75	-88	-59	-31	-11	35	45	19	7	10	38	60	49	27	1	25	-1	12	10	8	349	405	482	556	481	375	328	228	153	126	110	130	99	85	66	79	77	82	101	103	123	140	137	125	113	133	134	117	117	125	86.20	88.60	98.80	115.30	120.10	111.20	116.00	110.00	116.90	138.20	226.80	227.50	233.60	248.60	260.40	296.20	306.00	283.40	274.00	275.50	288.00	295.50	290.90	282.50	270.50	280.80	269.60	275.90	274.90	273.70	6.93569446	-165.36488953	6.89530634	-165.38109250
443	15	07	14	04	16	52	67		151	129	105	95	92	98	110	109	98	88	86	92	88	76	64	57	53	51	48	43	36	33	32	32	33	34	36	36	36	36	385	459	536	610	570	349	314	272	179	139	-27	-79	-46	-46	-53	-72	-93	-79	-88	-111	-121	-139	-132	-112	-122	-148	-142	-113	-109	-103	85	27	-85	-222	-356	-208	-181	-94	-78	-88	-58	-81	-62	-19	18	43	50	41	42	61	48	32	38	25	-4	17	9	15	16	9	394	460	543	649	672	406	362	288	195	165	64	113	77	50	56	84	106	89	98	127	130	143	137	115	122	149	142	114	110	103	77.60	86.60	99.00	110.00	122.00	120.80	120.00	109.10	113.50	122.30	205.00	224.30	216.60	247.60	288.80	300.80	298.30	297.40	295.50	298.80	291.60	283.00	286.10	282.60	268.10	276.60	273.60	277.60	278.40	275.00	6.89523971	-165.38111614	6.85616520	-165.39790903
444	15	07	14	04	36	47	50		148	127	114	106	100	114	125	113	98	84	81	86	88	78	62	52	48	46	42	38	36	36	36	36	38	37	36	34	34	34	431	480	600	662	473	327	284	229	156	106	-73	-112	-77	-71	-106	-128	-113	-108	-112	-114	-121	-150	-134	-135	-114	-119	-111	-125	-116	-113	115	56	-37	-256	-359	-189	-92	-1	15	-38	-72	-79	-92	-26	23	20	50	36	43	26	14	0	6	24	21	15	11	-13	-10	-9	446	483	601	710	594	378	299	229	157	113	103	137	120	76	108	130	124	114	120	117	122	150	134	137	116	120	112	126	116	113	75.10	83.30	93.50	111.10	127.20	120.00	107.90	90.30	84.50	109.70	225.40	234.80	219.90	249.90	282.20	278.90	293.90	288.40	291.00	282.80	276.60	270.00	272.60	280.10	280.40	277.20	275.70	264.10	265.10	265.40	6.85609831	-165.39794097	6.81544600	-165.41282102
445	15	07	14	04	56	49	19		144	126	117	115	113	120	120	110	98	86	82	84	87	78	64	56	52	50	50	50	48	44	40	39	38	38	40	40	40	41	428	485	593	692	491	329	299	239	151	59	5	-63	-52	-65	-99	-92	-96	-86	-79	-70	-83	-115	-84	-89	-103	-94	-82	-97	-101	-75	104	59	-11	-202	-327	-98	18	49	49	-10	-46	-91	-78	-10	6	30	52	61	12	16	31	47	56	51	49	32	-3	-11	15	-20	440	489	593	721	590	343	300	244	159	60	46	111	94	66	99	97	109	105	80	72	89	124	101	103	114	99	82	98	102	78	76.30	83.10	91.10	106.30	123.70	106.60	86.60	78.40	72.00	99.60	173.80	214.70	213.70	261.30	273.50	288.10	298.40	305.30	278.60	282.90	290.50	292.20	303.70	299.80	295.40	288.80	267.90	263.50	278.40	255.10	6.81538180	-165.41284969	6.77399866	-165.42591766
446	15	07	14	05	16	50	89		138	126	122	118	119	122	116	108	97	90	87	86	87	82	69	57	54	54	52	49	46	44	45	48	49	49	48	47	46	45	392	442	553	638	440	330	257	211	107	71	19	-23	-54	-69	-72	-70	-48	-49	-71	-92	-102	-107	-121	-130	-119	-103	-72	-55	-46	-57	71	28	-11	-158	-333	-147	-47	-36	-39	-78	-96	-100	-127	-50	9	25	57	51	16	37	49	45	42	36	14	25	-9	-2	-12	-24	398	443	553	657	552	361	261	214	114	105	98	103	138	85	73	74	75	71	73	99	113	116	128	135	120	106	73	55	48	62	79.70	86.40	91.10	103.90	127.10	114.00	100.40	99.70	110.00	137.70	168.80	193.00	203.00	234.10	277.10	289.70	319.90	316.10	282.70	291.90	295.70	292.80	289.10	285.50	276.70	283.60	262.90	267.90	255.40	247.20	6.77392717	-165.42594063	6.73315398	-165.43973020
447	15	07	14	05	36	52	59		140	128	126	125	124	122	115	107	99	93	89	92	90	81	72	69	67	66	63	60	58	56	54	52	50	48	47	47	47	47	370	404	536	605	480	338	260	193	130	109	52	-18	-36	-50	-83	-116	-130	-114	-114	-126	-135	-120	-103	-141	-93	-101	-83	-91	-83	-63	112	71	51	-200	-286	-135	-32	-11	-44	-57	-54	-89	-52	-15	18	43	43	53	2	18	29	27	37	27	30	-2	-13	-8	-19	-28	387	410	538	637	559	364	262	193	137	123	75	91	63	52	85	124	137	126	114	127	138	123	109	144	98	101	84	91	85	69	73.20	80.00	84.60	108.30	120.80	111.80	97.00	93.30	108.70	117.60	136.10	191.40	214.70	253.30	282.20	290.30	288.30	294.90	271.00	278.10	282.10	282.70	289.80	280.80	287.90	268.90	261.10	265.00	257.10	246.00	6.73308064	-165.43974814	6.70486003	-165.46814997
448	15	07	14	05	56	48	39		146	135	132	132	131	126	120	112	102	99	93	93	94	86	72	67	63	61	58	56	53	51	48	48	48	47	47	48	48	46	346	393	539	529	388	289	261	187	129	104	38	-50	-51	-45	-65	-104	-133	-115	-122	-94	-82	-96	-89	-75	-71	-78	-65	-54	-54	-25	188	124	39	-219	-176	-33	15	-4	-66	-89	-86	-132	-160	-126	-59	-8	-13	3	4	-12	-5	-16	4	23	29	-19	-6	-30	-12	-13	394	412	540	573	426	291	261	187	145	137	94	141	168	134	88	104	134	115	122	95	82	97	89	78	77	80	65	62	55	28	61.50	72.50	85.90	112.50	114.40	96.50	86.70	91.20	117.10	130.60	156.20	200.70	197.70	199.70	227.80	265.60	264.40	271.50	271.90	262.70	266.50	260.50	272.60	287.00	292.20	256.30	264.70	240.90	257.50	242.50	6.70480102	-165.46819515	6.67804850	-165.49891214
449	15	07	14	06	16	50	08		153	140	136	138	137	130	121	116	105	96	89	92	94	80	68	65	63	61	58	55	50	46	45	44	46	48	48	48	44	41	359	417	501	557	429	301	336	274	181	136	69	30	19	-27	-36	-30	-58	-64	-61	-47	-30	-41	-27	-55	-31	-24	-29	-25	6	-10	234	185	119	-116	-204	-57	-54	-39	-48	-76	-64	-124	-133	-78	-33	-5	2	15	-4	0	3	1	15	-8	14	7	-9	-21	-9	2	429	456	515	569	475	306	340	277	187	156	94	128	134	83	49	30	58	66	61	47	30	41	31	56	34	25	30	33	11	10	56.90	66.10	76.60	101.80	115.40	100.70	99.10	98.10	104.90	119.20	132.80	166.40	171.90	199.10	227.50	260.50	272.00	283.20	266.20	270.00	275.70	271.40	299.10	261.70	294.30	286.30	252.80	230.00	146.30	281.30	6.67798069	-165.49893946	6.63801670	-165.51524118
450	15	07	14	06	36	51	83		154	140	138	140	137	129	124	117	108	95	90	91	96	83	67	59	56	55	53	52	50	48	47	48	49	52	50	45	40	42	423	473	511	544	415	340	422	305	249	234	124	86	53	39	11	7	-34	-29	-36	-42	-15	-2	1	-29	-22	-14	-14	-28	-6	4	218	179	133	-105	-104	-8	-19	23	8	-49	-15	-14	-82	-58	0	18	43	67	19	26	11	9	16	16	7	21	24	50	-2	-17	476	506	528	554	428	340	422	306	249	239	125	87	98	70	11	19	55	73	41	49	19	9	16	33	23	25	28	57	6	17	62.70	69.30	75.40	100.90	104.10	91.30	92.60	85.70	88.20	101.80	96.90	99.20	147.10	146.10	90.00	21.30	321.70	336.60	297.80	301.80	306.30	347.50	3.60	298.90	287.70	326.30	329.70	330.80	251.60	166.80	6.63794998	-165.51526180	6.59800686	-165.53082615
451	15	07	14	06	56	46	73		154	138	134	138	138	129	121	116	110	98	89	95	96	89	73	62	54	51	48	47	42	40	41	44	46	49	49	45	41	38	442	487	543	549	470	370	457	390	285	262	147	107	73	77	32	-6	-33	-31	-74	-76	-68	-45	-33	-53	-58	-58	-70	-55	-70	-49	262	252	165	-81	-97	15	12	-14	-1	-58	-128	-41	-53	-65	-56	-41	-32	-7	29	25	-11	-25	-54	-29	-44	-29	2	12	-26	0	514	548	568	555	480	370	457	390	285	268	195	115	90	101	64	41	46	32	79	80	69	51	63	60	73	65	70	56	75	49	59.30	62.60	73.10	98.40	101.70	87.70	88.50	92.10	90.20	102.50	131.00	111.00	126.00	130.20	150.30	188.30	225.90	257.30	291.40	288.20	260.80	240.90	211.40	241.30	232.80	243.40	271.60	282.30	249.60	270.00	6.59794869	-165.53085884	6.55942035	-165.54726466
452	15	07	14	07	16	48	42		161	144	135	132	136	136	123	114	111	101	90	92	92	77	68	60	56	50	47	43	40	38	39	41	42	44	43	42	41	39	467	483	581	607	537	467	433	414	305	298	187	108	67	64	-3	-27	-49	-48	-70	-66	-81	-48	-59	-44	-49	-54	-52	-11	-31	-16	309	287	189	-21	-205	-115	-55	-79	-42	-46	-93	-51	-82	-86	-104	-87	-51	-67	-39	-37	-62	-59	-83	-75	-73	-73	-57	-39	-48	-65	560	562	611	607	575	481	436	421	308	302	209	119	106	107	104	91	71	82	80	76	102	76	102	87	88	91	77	41	57	67	56.50	59.30	72.00	92.00	110.90	103.80	97.20	100.80	97.80	98.80	116.40	115.30	140.70	143.30	181.70	197.20	223.90	215.60	240.90	240.70	232.60	219.10	215.40	210.40	213.90	216.50	222.40	195.80	212.90	193.80	6.55935950	-165.54728963	6.52166951	-165.56412351
453	15	07	14	07	36	50	11		162	152	144	140	139	135	124	114	110	100	92	92	93	87	69	62	59	50	44	40	37	39	41	40	44	45	44	42	41	40	547	579	661	683	599	508	448	392	269	277	204	121	65	52	-3	-17	-68	-56	-55	-64	-42	-25	-19	-26	-51	-37	-32	-37	-26	-19	289	224	88	-123	-236	-118	-60	-93	-88	-122	-209	-141	-112	-116	-99	-82	-47	-45	-23	-18	-26	-53	-68	-84	-87	-79	-78	-72	-84	-90	619	621	667	694	644	522	452	403	283	303	292	186	129	127	99	84	83	72	60	66	49	59	71	88	101	87	84	81	88	92	62.20	68.80	82.40	100.20	111.50	103.10	97.60	103.30	108.10	113.80	135.70	139.40	149.90	155.90	181.70	191.70	235.30	231.20	247.30	254.30	238.20	205.30	195.60	197.20	210.40	205.10	202.30	207.20	197.20	191.90	6.52160313	-165.56413986	6.50297116	-165.56716120
454	15	07	14	07	56	51	83		154	146	142	138	138	136	129	118	112	101	92	95	92	82	65	60	54	46	40	36	35	38	41	42	46	45	43	42	42	41	534	551	641	696	621	556	489	439	327	332	208	141	89	73	35	-8	-26	-22	-36	-14	-1	-4	-14	-35	-23	-26	-11	-8	-15	14	349	292	155	-46	-202	-120	-58	-42	-51	-91	-152	-99	-76	-85	-67	-30	-30	-17	6	12	-1	-26	-32	-25	-40	-38	-28	-35	-48	-55	638	624	659	698	653	569	492	441	331	344	258	172	117	112	76	31	40	28	36	18	1	26	35	43	46	46	30	36	50	57	56.80	62.10	76.40	93.80	108.00	102.20	96.80	95.50	98.90	105.30	126.20	125.10	130.50	139.30	152.40	194.90	220.90	232.30	279.50	310.60	225.00	188.70	203.60	234.50	209.90	214.40	201.40	192.90	197.40	165.70	6.50296865	-165.56715416	6.50446180	-165.56218050
455	15	07	14	08	16	46	64		154	149	146	142	140	137	128	118	112	102	93	94	92	81	66	60	52	44	39	36	35	38	41	44	46	46	44	42	42	41	602	621	697	730	640	562	523	483	362	354	274	169	118	104	57	-4	-15	-18	-15	-3	-10	20	7	-26	-18	4	0	1	5	12	314	261	115	-75	-188	-81	-15	6	-14	-54	-121	-89	-85	-109	-72	-50	-52	-11	5	-9	-35	-39	-26	-70	-41	-26	-21	-22	-42	-67	679	674	706	734	667	568	523	483	362	358	300	191	145	151	92	50	54	21	16	9	36	44	27	75	45	26	21	22	42	68	62.50	67.20	80.60	95.90	106.40	98.20	91.60	89.30	92.20	98.70	113.80	117.80	125.80	136.30	141.60	184.60	196.10	238.60	288.40	198.40	195.90	152.90	164.90	200.40	203.70	171.30	180.00	177.40	173.20	169.80	6.50446247	-165.56217330	6.50566385	-165.55695330
456	15	07	14	08	36	48	33		149	144	142	141	140	137	126	115	111	102	92	94	92	81	66	60	53	44	40	35	34	38	43	45	48	49	46	42	40	40	664	687	764	788	689	620	597	562	421	416	355	232	199	152	74	46	9	12	19	8	36	29	30	24	10	21	25	25	30	35	253	180	32	-111	-173	-67	-17	3	19	-5	-81	-51	-32	-36	-15	-4	4	26	30	42	23	-25	-6	-3	22	-6	20	27	2	-6	711	710	765	796	710	624	597	562	421	416	364	238	202	156	76	46	10	29	36	43	43	38	31	24	24	22	32	37	30	36	69.10	75.30	87.60	98.00	104.10	96.20	91.60	89.70	87.40	90.70	102.90	102.40	99.10	103.30	101.50	95.00	66.00	24.80	32.30	10.80	57.40	130.80	101.30	97.10	24.40	105.90	51.30	42.80	86.20	99.70	6.50566846	-165.55694332	6.49894685	-165.55299251
457	15	07	14	08	56	50	03		143	138	137	138	139	136	124	114	111	103	93	93	93	80	65	60	54	44	38	35	35	40	43	44	47	48	44	41	40	40	683	703	758	732	651	610	538	510	387	364	299	191	126	80	17	-20	-38	-41	-48	-49	-39	-8	15	-9	-24	-18	-22	-11	-8	0	198	147	-20	-157	-196	-61	-38	-11	-32	-57	-116	-78	-39	-54	-57	-27	-32	-29	-4	10	-3	-50	-44	-27	-23	2	0	1	-24	-33	711	718	758	749	680	613	539	510	388	368	321	206	132	97	59	34	50	50	48	50	39	51	46	28	33	18	22	11	25	33	73.80	78.20	91.50	102.10	106.80	95.70	94.00	91.20	94.70	98.90	111.20	112.20	107.20	124.00	163.40	216.50	229.90	234.70	265.20	281.50	265.60	189.10	161.20	198.40	226.20	276.30	270.00	275.20	198.40	180.00	6.49893536	-165.55299704	6.49215834	-165.55009003
458	15	07	14	09	16	51	72		146	134	134	135	138	136	128	116	111	103	93	93	92	78	66	60	53	44	37	34	34	39	42	41	42	41	41	42	42	41	693	722	748	790	693	645	568	581	454	407	344	227	158	99	32	-11	-49	-29	-50	-26	-49	-5	0	-13	-24	-11	4	-20	16	-4	264	222	56	-114	-190	-71	-16	-30	-47	-41	-110	-76	-53	-54	-55	-12	-11	-11	29	12	-11	-27	-51	-38	-25	-14	-19	-7	-27	-28	742	755	750	798	719	649	568	582	456	409	361	239	167	113	64	16	50	31	58	29	50	27	51	40	35	18	19	21	31	28	69.10	72.90	85.70	98.20	105.30	96.30	91.60	93.00	95.90	95.80	107.70	108.50	108.50	118.60	149.80	222.50	257.30	249.20	300.10	294.80	257.30	190.50	180.00	198.90	223.80	218.20	168.10	250.70	149.30	188.10	6.49215030	-165.55008785	6.47658468	-165.55164319
459	15	07	14	09	36	46	50		154	142	137	138	137	134	124	115	110	103	94	94	93	80	62	58	53	48	40	36	34	37	44	43	42	44	46	46	45	44	703	750	812	760	652	573	523	461	379	368	264	165	122	92	76	8	-36	-41	-35	-27	-27	-28	-21	3	-16	-23	-24	-27	-19	-6	265	158	-30	-209	-183	-56	-78	-74	-74	-103	-170	-93	-21	18	18	41	50	66	78	43	-14	-50	-51	-3	-24	-28	-30	-19	-7	-11	751	766	813	788	677	576	529	467	386	382	314	189	124	94	78	42	62	78	85	51	30	57	55	4	29	36	38	33	20	13	69.30	78.10	92.10	105.40	105.70	95.60	98.50	99.10	101.00	105.60	122.80	119.40	99.80	78.90	76.70	11.00	324.20	328.20	335.80	327.90	242.60	209.20	202.40	135.00	213.70	219.40	218.70	234.90	249.80	208.60	6.47651729	-165.55166801	6.43741018	-165.56379897
460	15	07	14	09	56	48	19		145	138	140	142	137	129	118	114	110	103	95	95	95	82	65	60	58	53	45	40	38	37	42	46	48	47	46	45	43	42	730	782	828	728	600	511	460	313	316	262	176	57	46	73	61	19	-51	-68	-66	-46	-44	-11	-8	-10	-6	5	7	2	-18	-23	300	123	-79	-182	-140	-131	-128	-134	-154	-180	-176	-80	-11	6	-11	39	57	71	59	18	12	-10	-42	-32	-28	-28	-4	8	13	-7	789	792	832	750	616	528	477	340	352	318	249	98	47	73	62	43	76	98	89	49	46	15	43	34	29	28	8	8	22	24	67.70	81.10	95.50	104.00	103.10	104.40	105.50	113.20	116.00	124.50	135.00	144.50	103.40	85.30	100.20	26.00	318.20	316.20	311.80	291.40	285.30	227.70	190.80	197.40	192.10	169.90	119.70	14.00	305.80	253.10	6.43734916	-165.56381648	6.39958785	-165.57388030
461	15	07	14	10	16	49	88		155	142	139	141	138	128	118	113	105	96	94	94	96	88	72	60	56	56	52	45	42	38	38	41	46	48	46	44	42	40	725	784	867	699	545	454	396	311	275	169	56	26	25	8	29	13	-13	-52	-74	-64	-44	-19	-12	-18	10	9	19	-3	23	-1	251	104	-76	-215	-166	-124	-117	-102	-151	-221	-185	-50	-60	-34	-33	-23	9	40	41	-6	-11	-11	-32	-49	-50	-40	-23	25	15	4	767	791	870	731	570	471	413	327	314	278	193	56	65	35	44	26	16	66	85	64	45	22	34	52	51	41	30	25	27	4	70.90	82.40	95.00	107.10	106.90	105.30	106.50	108.20	118.80	142.60	163.20	152.50	157.40	166.80	138.70	150.50	304.70	307.60	299.00	264.60	256.00	239.90	200.60	200.20	168.70	167.30	140.40	353.20	56.90	346.00	6.39952348	-165.57389832	6.36167114	-165.58456630
462	15	07	14	10	36	51	59		175	155	142	141	139	129	118	111	104	98	92	85	84	85	75	63	60	56	52	51	45	39	36	40	44	45	44	43	41	41	709	807	890	681	517	455	402	320	279	220	135	54	39	32	14	45	23	8	-39	-19	-20	18	10	0	11	2	10	12	-1	9	124	37	-59	-243	-207	-115	-106	-114	-157	-229	-206	-106	-80	-94	-91	-62	-39	4	11	-13	-8	-19	-38	-62	-30	-20	25	34	41	33	720	808	892	723	557	469	416	340	320	318	246	119	89	99	92	77	45	9	41	23	22	26	39	62	32	20	27	36	41	34	80.10	87.40	93.80	109.60	111.80	104.20	104.80	109.60	119.40	136.10	146.80	153.00	154.00	161.20	171.30	144.00	149.50	63.40	285.80	235.60	248.20	136.50	165.30	180.00	159.90	174.30	21.80	19.40	358.60	15.30	6.36160735	-165.58458483	6.32367169	-165.59565514
463	15	07	14	10	56	46	39		155	138	135	142	141	132	120	112	105	99	92	88	85	84	78	64	60	55	49	45	39	35	36	40	44	47	47	44	43	42	652	774	848	642	502	468	437	329	314	235	235	132	78	65	43	59	56	47	-8	8	-1	-11	-6	-25	-29	-24	-35	-16	-25	5	164	77	-54	-242	-271	-211	-178	-140	-154	-163	-208	-178	-81	-95	-85	-46	-65	-27	-10	-35	-4	-40	-81	-54	-21	-16	-6	20	6	-6	672	778	850	686	570	513	472	358	350	286	314	222	112	115	95	75	86	54	13	36	4	41	81	60	36	29	36	26	26	8	75.90	84.30	93.60	110.70	118.40	114.30	112.20	113.10	116.10	124.70	131.50	143.40	136.10	145.60	153.20	127.90	139.30	119.90	218.70	167.10	194.00	195.40	184.20	204.80	234.10	236.30	260.30	321.30	283.50	140.20	6.32361051	-165.59567987	6.28547268	-165.60730280
464	15	07	14	11	16	48	11		161	147	139	142	142	135	124	115	108	100	93	90	87	84	79	68	60	56	51	45	38	35	36	39	42	44	44	42	42	42	534	624	748	589	465	450	398	365	327	314	237	176	102	56	27	28	30	-7	-25	-50	-30	-34	-13	-10	-23	-31	-27	-19	-23	-25	80	20	-100	-291	-330	-212	-114	-94	-89	-165	-222	-194	-122	-88	-68	-87	-74	-80	-69	-62	-66	-78	-92	-80	-50	-36	-8	-11	-40	-38	540	624	755	657	570	497	414	377	339	355	325	262	159	104	73	91	80	80	73	80	72	85	93	81	55	48	28	22	46	45	81.50	88.20	97.60	116.30	125.40	115.20	106.00	104.40	105.20	117.70	133.10	137.80	140.10	147.50	158.30	162.20	157.90	185.00	199.90	218.90	204.40	203.60	188.00	187.10	204.70	220.70	253.50	239.90	209.90	213.30	6.28540965	-165.60732870	6.24646598	-165.61890084
465	15	07	14	11	36	49	81		160	148	141	142	141	134	126	116	111	103	94	90	88	82	75	69	54	54	56	51	43	37	37	38	40	42	42	43	42	41	499	591	701	554	421	420	396	395	292	355	263	194	146	79	47	27	6	-13	-42	-61	-44	-28	-26	6	6	-17	-33	-34	-18	16	67	-19	-142	-239	-304	-218	-76	-47	-88	-170	-221	-244	-201	-122	-114	-127	-99	-132	-101	-90	-64	-98	-114	-85	-78	-62	-29	-40	-48	-45	503	591	715	603	519	473	403	398	305	394	344	312	248	145	123	130	99	133	109	109	78	102	117	85	78	64	44	52	51	48	82.40	91.80	101.50	113.30	125.80	117.40	100.90	96.80	106.80	115.60	130.00	141.50	144.00	147.10	157.60	168.00	176.50	185.60	202.60	214.10	214.50	195.90	192.80	176.00	175.60	195.30	228.70	220.40	200.60	160.40	6.24639985	-165.61892314	6.20676317	-165.63103465
466	15	07	14	11	56	51	50		158	149	142	142	140	136	127	117	110	104	96	93	92	82	75	61	53	54	54	48	40	38	40	42	42	42	42	42	42	42	426	511	620	591	463	444	452	461	366	381	349	263	154	85	58	48	13	-18	-50	-44	-29	-29	-15	-43	-48	-27	-38	-33	-7	-22	69	-4	-128	-286	-311	-288	-125	-24	-40	-107	-164	-180	-112	-62	-106	-37	-66	-74	-75	-76	-87	-103	-86	-56	-39	-45	-36	-29	-30	-35	432	511	633	657	558	529	469	462	368	396	386	319	190	105	121	61	67	76	90	88	92	107	87	71	62	52	52	44	31	41	80.80	90.40	101.70	115.80	123.90	123.00	105.50	93.00	96.20	105.70	115.20	124.40	126.00	126.10	151.30	127.60	168.90	193.70	213.70	210.10	198.40	195.70	189.90	217.50	230.90	211.00	226.50	228.70	193.10	212.20	6.20669687	-165.63105435	6.16575303	-165.64364498
467	15	07	14	12	16	53	19		161	149	140	140	139	132	123	113	109	104	95	90	89	82	80	67	59	58	50	46	42	39	42	44	43	42	42	40	41	42	448	551	629	650	565	492	486	487	390	428	352	211	133	73	62	64	-13	-16	5	-41	-30	-29	-19	-61	-40	-58	-51	-24	-17	-25	135	74	-64	-266	-297	-299	-206	-110	-97	-150	-160	-151	-109	-66	-97	-40	-64	-58	-55	-55	-55	-57	-42	-51	-29	-43	-49	-42	-48	-58	468	556	632	702	638	576	528	499	402	454	387	259	172	98	115	75	65	60	55	69	63	64	46	80	49	72	71	48	51	63	73.20	82.40	95.80	112.30	117.70	121.30	113.00	102.70	104.00	109.30	114.40	125.60	129.30	132.10	147.40	122.00	191.50	195.40	174.80	216.70	208.60	207.00	204.30	230.10	234.10	233.40	226.10	209.70	199.50	203.30	6.16568053	-165.64365101	6.12503953	-165.65707069
468	15	07	14	12	36	47	98		175	158	144	138	137	130	121	111	106	100	94	86	85	84	75	70	57	53	54	52	46	42	38	38	40	42	42	40	37	35	494	582	599	634	537	450	459	482	447	458	446	288	182	112	85	66	39	-7	-17	-30	-30	-29	-27	-36	-36	-25	-13	-6	-1	2	121	97	17	-208	-231	-258	-173	-92	-58	-105	-135	-92	-120	-76	-67	-103	-65	-80	-110	-72	-51	-33	-46	-48	-55	-55	-32	-56	-43	-48	509	590	599	667	585	519	491	491	451	470	466	302	218	135	108	122	76	80	111	78	59	44	53	60	66	60	35	56	43	48	76.20	80.50	88.40	108.20	113.30	119.80	110.70	100.80	97.40	102.90	106.80	107.70	123.40	124.20	128.20	147.30	149.00	185.00	188.80	202.60	210.50	221.30	210.40	216.90	213.20	204.40	202.10	186.10	181.30	177.60	6.12497181	-165.65709785	6.08440381	-165.67077099
469	15	07	14	12	56	49	67		171	158	144	138	134	126	118	111	108	100	92	86	86	89	77	71	60	49	48	50	46	41	39	38	40	43	43	41	39	38	565	583	601	630	527	475	443	449	375	432	413	243	139	99	46	29	53	-14	-23	-28	-22	-16	-25	-23	-22	-10	-21	-17	-13	-6	89	75	-36	-218	-197	-172	-85	-4	33	-24	-98	-102	-106	-58	3	-23	-13	-28	-20	-31	-30	-2	0	-2	-53	-39	-20	-11	-26	-27	572	588	602	667	563	505	451	449	376	433	424	264	175	115	46	37	55	31	30	42	37	16	25	23	57	40	29	20	29	28	81.00	82.70	93.40	109.10	110.50	109.90	100.90	90.50	85.00	93.20	103.30	112.80	127.30	120.40	86.30	128.40	103.80	206.60	229.00	222.10	216.30	262.90	270.00	265.00	202.50	194.40	226.40	237.10	206.60	192.50	6.08433550	-165.67078985	6.04390950	-165.68339582
470	15	07	14	13	16	51	36		173	160	146	137	134	128	119	112	107	100	93	87	86	85	76	70	60	50	49	50	47	42	40	40	40	40	42	42	41	39	470	504	544	617	620	536	523	496	462	450	426	266	169	138	81	73	81	-2	-29	-32	-33	-25	-37	-44	-38	-48	-30	4	25	10	131	133	71	-157	-223	-185	-114	-33	25	-96	-107	-87	-104	-85	14	-18	-13	-19	-19	-38	-16	-10	-16	-30	-41	-50	-54	-36	-27	-20	488	521	549	637	659	567	535	497	463	460	439	280	198	162	82	75	82	19	35	50	37	27	40	53	56	69	62	36	37	22	74.40	75.20	82.60	104.30	109.80	109.00	102.30	93.80	86.90	102.00	104.10	108.10	121.60	121.60	80.20	103.90	99.10	186.00	236.80	220.10	244.10	248.20	246.60	235.70	222.80	223.80	209.10	173.70	137.20	153.40	6.04383918	-165.68341250	6.00351233	-165.69678750
471	15	07	14	13	36	53	16		172	160	148	140	134	127	119	113	107	100	93	88	86	86	78	73	66	54	49	48	46	43	39	38	40	40	42	44	43	42	536	522	599	655	612	611	519	489	488	452	403	234	189	107	40	63	71	12	-22	-30	-11	2	17	3	-15	10	-9	3	21	34	195	163	-18	-212	-256	-182	-125	-66	1	-81	-116	-99	-103	-102	-37	-56	-62	-42	-76	-72	-31	-35	-49	-99	-111	-95	-63	-67	-63	-73	570	547	599	688	663	638	534	493	488	459	419	254	215	148	54	84	94	44	79	78	33	35	52	99	112	96	64	67	66	81	70.00	72.70	91.70	107.90	112.70	106.60	103.50	97.70	89.90	100.20	106.10	112.90	118.60	133.60	132.80	131.60	131.10	164.10	196.10	202.60	199.50	176.70	160.90	178.30	187.70	174.00	188.10	177.40	161.60	155.00	6.00343916	-165.69679965	5.96389149	-165.70745179
472	15	07	14	13	56	47	97		169	155	145	140	136	124	116	110	104	99	93	89	87	86	74	70	63	56	49	48	49	44	39	37	39	42	42	41	40	38	607	584	626	657	643	654	546	515	439	414	267	166	150	108	-5	3	50	21	-12	-32	-35	-15	12	21	15	-18	7	7	17	29	147	139	-33	-283	-283	-186	-161	-44	-90	-114	-82	-25	-60	-96	-42	-22	-13	10	-16	-52	1	6	-3	-46	-57	-70	-75	-47	-66	-62	625	600	627	715	703	680	569	517	448	429	279	168	162	144	42	22	52	23	20	61	35	16	12	51	59	72	75	48	68	68	76.40	76.60	93.00	113.30	113.80	105.90	106.40	94.90	101.60	105.40	107.10	98.60	111.80	131.60	186.80	172.20	104.60	64.50	216.90	211.60	271.60	291.80	104.00	155.50	165.30	194.40	174.70	171.50	165.60	154.90	5.96381832	-165.70744283	5.92331369	-165.71760069
473	15	07	14	14	16	49	67		168	151	138	141	138	130	119	112	106	100	94	89	86	85	72	63	54	49	48	50	47	42	40	40	40	41	41	40	36	34	556	560	593	616	644	614	565	503	445	425	336	216	180	139	63	84	86	54	31	14	53	59	29	48	28	16	19	18	44	66	31	38	-74	-326	-343	-309	-249	-128	-106	-134	-108	-47	-7	-62	-20	12	24	-7	-28	-31	-6	-10	-31	-53	-60	-69	-70	-62	-53	-71	557	561	598	697	730	687	617	519	457	446	353	221	180	152	66	85	89	54	42	34	53	60	42	72	66	71	73	65	69	97	86.80	86.10	97.10	117.90	118.00	116.70	113.80	104.30	103.40	107.50	107.80	102.30	92.20	114.00	107.60	81.90	74.40	97.40	132.10	155.70	96.50	99.60	136.90	137.80	155.00	166.90	164.80	163.80	140.30	137.10	5.92324580	-165.71761418	5.88188597	-165.72884082
474	15	07	14	14	36	51	36		152	139	126	131	132	128	122	116	108	100	92	84	80	82	72	62	56	52	50	47	43	40	40	42	43	44	44	42	39	37	509	516	535	596	626	598	609	564	493	504	418	301	224	168	114	122	74	65	56	65	79	63	73	66	68	79	83	90	120	120	2	-20	-75	-304	-360	-324	-282	-203	-123	-157	-130	-56	-20	-41	-8	-30	9	-9	6	2	-9	-11	-14	-42	-43	-47	-46	0	0	-30	509	516	540	669	722	680	671	599	508	528	438	306	225	173	114	126	75	66	56	65	80	64	74	78	80	92	95	90	120	124	89.80	92.20	98.00	117.00	119.90	118.40	114.80	109.80	104.00	107.30	107.30	100.50	95.10	103.70	94.00	103.80	83.10	97.90	83.90	88.20	96.50	99.90	100.90	122.50	122.30	120.70	119.00	90.00	90.00	104.00	5.88183484	-165.72888432	5.83938687	-165.73940084
475	15	07	14	14	56	53	08		170	153	138	132	129	126	122	114	106	99	92	84	78	80	76	66	58	57	54	49	45	40	37	37	39	40	42	41	38	36	565	560	566	592	670	635	603	563	547	572	457	314	234	179	145	103	107	72	38	74	64	82	62	65	86	99	96	117	141	147	-20	-25	-74	-225	-340	-297	-290	-193	-138	-163	-130	-31	6	-82	-33	3	-12	-7	-21	-16	12	21	20	-3	-22	-34	-13	7	-8	-7	565	561	571	633	751	701	669	595	564	595	475	316	234	197	149	103	108	72	43	76	65	85	65	65	89	105	97	117	141	147	92.00	92.60	97.40	110.80	116.90	115.10	115.70	108.90	104.20	105.90	105.90	95.60	88.50	114.60	102.80	88.30	96.40	95.60	118.90	102.20	79.40	75.60	72.10	92.60	104.30	109.00	97.70	86.60	93.20	92.70	5.83932283	-165.73943420	5.79736965	-165.75011015
476	15	07	14	15	16	47	88		166	152	138	132	130	127	122	113	107	99	90	85	78	74	78	71	61	56	53	52	46	40	37	36	36	37	39	39	37	35	686	713	708	712	775	761	611	572	509	559	416	286	185	146	139	87	82	74	39	45	62	79	59	42	81	90	86	93	109	142	59	16	-6	-112	-276	-254	-252	-166	-139	-150	-117	-66	19	11	-69	-22	0	-30	-51	-55	-43	-49	-36	-51	-69	-59	-63	-47	-22	-23	689	713	708	721	823	802	661	596	528	579	432	294	186	146	155	90	82	80	64	71	75	93	69	66	106	108	107	104	111	144	85.10	88.70	90.50	98.90	109.60	108.50	112.40	106.20	105.30	105.00	105.70	103.00	84.10	85.70	116.40	104.20	90.00	112.10	142.60	140.70	124.70	121.80	121.40	140.50	130.40	123.20	126.20	116.80	101.40	99.20	5.79729614	-165.75012113	5.76276337	-165.77149750
477	15	07	14	15	36	49	56		157	142	128	122	128	128	121	113	107	100	90	82	77	74	76	74	64	54	51	50	45	40	37	35	34	34	36	36	34	32	733	761	787	764	754	841	673	625	532	544	441	311	213	159	133	95	105	106	103	65	91	86	73	67	98	102	97	88	104	119	50	57	39	-31	-211	-202	-162	-166	-150	-137	-138	-49	17	15	-50	0	31	30	1	24	15	27	7	-15	-21	-19	-21	-8	8	7	735	763	788	765	783	865	692	647	553	561	462	315	214	160	142	95	109	110	103	69	92	90	73	69	100	104	99	88	104	119	86.10	85.70	87.20	92.30	105.60	103.50	103.50	104.90	105.70	104.10	107.40	99.00	85.40	84.60	110.60	90.00	73.60	74.20	89.40	69.70	80.60	72.60	84.50	102.60	102.10	100.60	102.20	95.20	85.60	86.60	5.76270101	-165.77152834	5.73220169	-165.79713430
478	15	07	14	15	56	51	25		152	137	122	119	128	128	119	110	104	98	89	83	80	74	77	74	66	60	56	53	50	45	42	39	38	39	37	35	34	32	682	688	696	714	789	793	628	623	537	546	385	288	213	166	107	63	76	110	78	40	43	43	28	32	37	40	71	80	96	84	42	46	35	-118	-270	-224	-169	-163	-112	-89	-65	-58	25	40	-29	48	59	52	30	-2	29	32	6	-4	-19	-16	-7	-10	-12	-13	683	690	697	724	834	824	650	644	549	553	390	294	214	171	111	79	96	122	84	40	52	54	29	32	42	43	71	81	97	85	86.50	86.20	87.10	99.40	108.90	105.80	105.10	104.70	101.80	99.30	99.60	101.40	83.30	76.50	105.20	52.70	52.20	64.70	69.00	92.90	56.00	53.30	77.90	97.10	117.20	111.80	95.60	97.10	97.10	98.80	5.73215199	-165.79718099	5.69399647	-165.81488416
479	15	07	14	16	16	52	98		145	135	122	124	130	121	110	104	101	94	86	78	74	72	76	75	69	63	60	58	56	55	52	49	47	45	43	41	38	36	745	741	714	710	816	731	599	571	516	511	368	301	205	135	84	45	-4	57	85	34	30	14	10	19	54	29	30	52	74	81	-6	16	-55	-220	-234	-153	-188	-175	-143	-174	-127	-91	-48	-39	-37	-3	18	21	1	-34	-42	-33	-40	-35	-72	-69	-45	-42	-33	-13	745	741	716	743	849	747	628	597	535	540	389	314	211	141	92	45	18	61	85	48	52	36	41	40	90	75	54	67	81	82	90.50	88.80	94.40	107.20	106.00	101.80	107.40	107.00	105.50	108.80	109.00	106.80	103.20	106.10	113.80	93.80	347.50	69.80	89.30	135.00	144.50	157.00	166.00	151.50	143.10	157.20	146.30	128.90	114.00	99.10	5.69392749	-165.81491182	5.65277536	-165.82513732
480	15	07	14	16	36	47	81		131	117	118	119	120	114	105	100	98	92	85	80	74	69	70	75	67	58	52	50	49	46	47	48	48	47	46	44	42	42	687	733	765	781	796	664	601	589	560	510	376	292	218	143	108	46	0	57	54	22	-8	5	-9	12	-7	-16	3	16	42	34	-9	25	-48	-192	-218	-150	-166	-176	-145	-175	-190	-164	-93	-76	-57	-14	-7	0	-3	-63	-100	-97	-86	-60	-64	-80	-87	-92	-65	-51	687	733	767	804	825	681	624	615	578	539	421	335	237	162	122	48	7	57	54	67	100	97	86	61	64	82	87	93	77	61	90.80	88.00	93.60	103.80	105.30	102.70	105.40	106.60	104.50	108.90	116.80	119.30	113.10	118.00	117.80	106.90	180.00	90.00	93.20	160.80	184.60	177.00	186.00	168.70	186.20	191.30	178.00	170.10	147.10	146.30	5.65272415	-165.82517185	5.61196782	-165.83556214
481	15	07	14	16	56	49	50		107	104	106	108	108	108	105	98	96	89	82	75	72	71	70	66	62	54	49	48	47	45	41	40	39	40	39	38	37	35	709	729	785	828	786	745	613	631	661	590	472	363	275	170	108	68	61	104	51	6	0	3	15	17	30	23	10	28	42	23	-102	24	6	-126	-259	-231	-187	-198	-150	-106	-119	-93	-29	-28	-28	-17	-57	1	-18	-65	-96	-60	-29	-30	-48	-66	-58	-26	-20	-14	716	729	785	838	828	780	641	661	678	599	487	375	277	172	112	70	83	104	54	65	96	60	33	34	57	70	59	38	47	27	98.20	88.10	89.60	98.70	108.20	107.20	107.00	107.40	102.80	100.20	104.20	104.40	96.00	99.40	104.50	104.00	133.10	89.40	109.40	174.70	180.00	177.10	152.70	150.50	148.00	160.80	170.20	132.90	115.50	121.30	5.61183287	-165.83561000	5.57074453	-165.84706119
482	15	07	14	17	16	51	20		98	97	102	112	116	116	111	104	99	93	84	74	70	72	70	66	60	51	47	46	44	40	37	38	37	35	35	35	35	33	755	757	805	838	790	828	703	630	675	626	501	373	279	167	120	124	113	100	51	34	32	13	44	62	65	69	59	74	71	49	-170	-36	-29	-182	-337	-268	-200	-226	-145	-22	-36	29	30	31	10	-9	-33	11	-53	-90	-114	-63	-47	-32	-36	-50	-52	-27	-29	-17	774	758	806	858	859	870	731	669	690	626	502	374	281	170	120	124	118	101	74	96	118	64	64	70	74	85	79	79	77	52	102.70	92.70	92.10	102.30	113.10	107.90	105.90	109.70	102.10	92.00	94.10	85.60	83.90	79.50	85.20	94.20	106.30	83.70	136.10	159.30	164.30	168.30	136.90	117.30	119.00	125.90	131.40	110.00	112.20	109.10	5.57067471	-165.84706983	5.52857501	-165.85647533
