"Series Data"
"E:\S261\Data\ADCP\S261001_000000.LTA"
"Broadband 76.8 kHz"
"Pings/Ens ="	174
"Time/Ping = 00:02.00"
"First Ensemble Date = 15/07/13"
"First Ensemble Time = 10:36:51.16"
"Ensemble Interval (s) = "	1200.01
"1st Bin Range (m) = "	18.71
"Bin Size (m) ="	10.00


Ens	YR	MO	DA	HH	MM	SS	HH		"EAA"	"EAA"	"EAA"	"EAA"	"EAA"	"EAA"	"EAA"	"EAA"	"EAA"	"EAA"	"EAA"	"EAA"	"EAA"	"EAA"	"EAA"	"EAA"	"EAA"	"EAA"	"EAA"	"EAA"	"EAA"	"EAA"	"EAA"	"EAA"	"EAA"	"EAA"	"EAA"	"EAA"	"EAA"	"EAA"	"Eas"	"Eas"	"Eas"	"Eas"	"Eas"	"Eas"	"Eas"	"Eas"	"Eas"	"Eas"	"Eas"	"Eas"	"Eas"	"Eas"	"Eas"	"Eas"	"Eas"	"Eas"	"Eas"	"Eas"	"Eas"	"Eas"	"Eas"	"Eas"	"Eas"	"Eas"	"Eas"	"Eas"	"Eas"	"Eas"	"Nor"	"Nor"	"Nor"	"Nor"	"Nor"	"Nor"	"Nor"	"Nor"	"Nor"	"Nor"	"Nor"	"Nor"	"Nor"	"Nor"	"Nor"	"Nor"	"Nor"	"Nor"	"Nor"	"Nor"	"Nor"	"Nor"	"Nor"	"Nor"	"Nor"	"Nor"	"Nor"	"Nor"	"Nor"	"Nor"	"Mag"	"Mag"	"Mag"	"Mag"	"Mag"	"Mag"	"Mag"	"Mag"	"Mag"	"Mag"	"Mag"	"Mag"	"Mag"	"Mag"	"Mag"	"Mag"	"Mag"	"Mag"	"Mag"	"Mag"	"Mag"	"Mag"	"Mag"	"Mag"	"Mag"	"Mag"	"Mag"	"Mag"	"Mag"	"Mag"	"Dir"	"Dir"	"Dir"	"Dir"	"Dir"	"Dir"	"Dir"	"Dir"	"Dir"	"Dir"	"Dir"	"Dir"	"Dir"	"Dir"	"Dir"	"Dir"	"Dir"	"Dir"	"Dir"	"Dir"	"Dir"	"Dir"	"Dir"	"Dir"	"Dir"	"Dir"	"Dir"	"Dir"	"Dir"	"Dir"	    "FLat"	    "FLon"	    "LLat"	    "LLon"
									"cnt"	"cnt"	"cnt"	"cnt"	"cnt"	"cnt"	"cnt"	"cnt"	"cnt"	"cnt"	"cnt"	"cnt"	"cnt"	"cnt"	"cnt"	"cnt"	"cnt"	"cnt"	"cnt"	"cnt"	"cnt"	"cnt"	"cnt"	"cnt"	"cnt"	"cnt"	"cnt"	"cnt"	"cnt"	"cnt"	"mm/s"	"mm/s"	"mm/s"	"mm/s"	"mm/s"	"mm/s"	"mm/s"	"mm/s"	"mm/s"	"mm/s"	"mm/s"	"mm/s"	"mm/s"	"mm/s"	"mm/s"	"mm/s"	"mm/s"	"mm/s"	"mm/s"	"mm/s"	"mm/s"	"mm/s"	"mm/s"	"mm/s"	"mm/s"	"mm/s"	"mm/s"	"mm/s"	"mm/s"	"mm/s"	"mm/s"	"mm/s"	"mm/s"	"mm/s"	"mm/s"	"mm/s"	"mm/s"	"mm/s"	"mm/s"	"mm/s"	"mm/s"	"mm/s"	"mm/s"	"mm/s"	"mm/s"	"mm/s"	"mm/s"	"mm/s"	"mm/s"	"mm/s"	"mm/s"	"mm/s"	"mm/s"	"mm/s"	"mm/s"	"mm/s"	"mm/s"	"mm/s"	"mm/s"	"mm/s"	"mm/s"	"mm/s"	"mm/s"	"mm/s"	"mm/s"	"mm/s"	"mm/s"	"mm/s"	"mm/s"	"mm/s"	"mm/s"	"mm/s"	"mm/s"	"mm/s"	"mm/s"	"mm/s"	"mm/s"	"mm/s"	"mm/s"	"mm/s"	"mm/s"	"mm/s"	"mm/s"	"mm/s"	"mm/s"	"mm/s"	"mm/s"	"mm/s"	"mm/s"	"mm/s"	"deg"	"deg"	"deg"	"deg"	"deg"	"deg"	"deg"	"deg"	"deg"	"deg"	"deg"	"deg"	"deg"	"deg"	"deg"	"deg"	"deg"	"deg"	"deg"	"deg"	"deg"	"deg"	"deg"	"deg"	"deg"	"deg"	"deg"	"deg"	"deg"	"deg"	     "deg"	     "deg"	     "deg"	     "deg"
									31	32	33	34	35	36	37	38	39	40	41	42	43	44	45	46	47	48	49	50	51	52	53	54	55	56	57	58	59	60	31	32	33	34	35	36	37	38	39	40	41	42	43	44	45	46	47	48	49	50	51	52	53	54	55	56	57	58	59	60	31	32	33	34	35	36	37	38	39	40	41	42	43	44	45	46	47	48	49	50	51	52	53	54	55	56	57	58	59	60	31	32	33	34	35	36	37	38	39	40	41	42	43	44	45	46	47	48	49	50	51	52	53	54	55	56	57	58	59	60	31	32	33	34	35	36	37	38	39	40	41	42	43	44	45	46	47	48	49	50	51	52	53	54	55	56	57	58	59	60

390	15	07	13	10	36	51	16		52	56	55	53	51	49	47	44	41	37	34	31	28	26	24	23	22	20	20	19	18	17	17	16	16	16	16	16	15	14	-32	1	16	34	28	37	45	65	66	71	76	36	11	-16	-32	6	17	-7	1	32	42	45	26	58	30	35	-96	-172	-209	-81	-93	-86	-83	-47	-37	-59	-53	-37	-25	-18	-33	-40	-36	-44	-75	-67	-89	-115	-108	-123	-146	-179	-208	-143	-118	-160	-286	-201	-160	-91	98	86	85	58	46	70	70	75	71	73	83	54	38	47	82	67	91	115	108	127	152	185	210	154	122	164	302	265	263	122	199.00	179.30	169.10	144.10	142.90	147.90	139.70	119.60	110.70	104.20	113.50	138.00	163.00	200.00	203.10	174.90	169.20	183.50	179.50	165.40	164.00	165.90	172.90	157.90	165.70	167.70	198.60	220.60	232.60	221.70	8.76891299	-164.22660420	8.73032313	-164.26257648
391	15	07	13	10	56	53	11		57	55	53	50	48	46	43	41	40	38	34	31	28	25	23	22	22	21	21	21	20	19	18	18	17	16	16	15	15	16	-27	-17	0	1	20	31	36	5	-1	10	5	3	-6	-9	26	23	9	45	80	41	70	76	56	-7	0	-52	16	6	-135	-186	-99	-91	-72	-61	-38	-48	-34	-38	-28	-40	-35	-67	-40	-62	-92	-118	-121	-88	-112	-116	-136	-118	-161	-104	-78	-67	-129	-216	-254	-60	103	93	72	61	43	57	50	38	28	41	35	67	40	63	96	120	121	99	138	123	153	140	170	104	78	85	130	216	288	195	195.30	190.60	180.00	179.10	152.20	147.10	133.40	172.50	182.00	166.00	171.90	177.40	188.50	188.30	164.20	169.00	175.70	152.90	144.50	160.50	152.80	147.20	160.80	183.90	180.00	217.80	172.90	178.40	208.00	252.10	8.73026119	-164.26263381	8.69121769	-164.29730169
392	15	07	13	11	16	47	94		56	54	51	50	48	47	43	40	36	34	32	30	28	26	24	22	20	20	20	20	19	19	18	17	16	16	16	16	17	18	-44	-25	2	-12	-32	-16	-13	-20	-17	-21	-23	-39	-43	-49	-48	-31	-53	18	29	8	12	30	15	15	-36	-9	-86	-82	-48	11	-86	-102	-82	-77	-82	-65	-36	-52	-61	-64	-80	-89	-100	-110	-139	-137	-163	-170	-150	-121	-142	-129	-123	-81	-166	-97	-128	-69	-105	-39	97	105	82	78	88	67	38	56	63	67	83	97	109	120	147	140	171	171	153	121	143	132	124	82	170	97	154	107	115	41	207.10	193.80	178.60	188.90	201.30	193.80	199.90	201.00	195.60	198.20	196.00	203.70	203.30	204.00	199.10	192.80	198.00	174.00	169.10	176.20	175.20	166.90	173.00	169.50	192.20	185.30	213.90	229.90	204.60	164.20	8.69110303	-164.29744318	8.65107651	-164.33186263
393	15	07	13	11	36	49	63		52	51	50	48	45	42	40	38	36	34	31	28	26	24	24	22	22	21	20	20	19	18	18	16	16	16	16	16	16	17	4	34	32	29	34	32	32	-9	5	-7	-6	-22	-16	-30	-16	6	35	23	64	65	54	62	89	70	9	7	-37	-66	76	-28	-85	-69	-68	-50	-60	-32	-32	-37	-20	-17	-7	-33	-26	-47	-74	-74	-79	-98	-100	-114	-104	-108	-120	-137	-103	-36	-144	-53	-19	-59	85	77	75	58	69	45	45	38	21	18	9	40	31	56	76	74	86	101	119	131	117	125	149	154	103	37	149	85	78	65	177.30	153.80	154.80	149.90	150.50	135.00	135.00	193.70	166.00	202.40	220.60	213.70	211.60	212.60	192.20	175.40	156.10	166.80	147.40	150.30	152.60	150.10	143.40	152.90	175.00	169.00	194.40	231.20	104.00	205.40	8.65100870	-164.33188383	8.61075285	-164.36451517
394	15	07	13	11	56	51	31		48	48	48	46	44	44	42	41	39	36	33	30	27	26	24	23	22	21	20	20	20	18	18	18	18	18	17	17	17	17	-41	-14	-3	36	19	7	4	-12	33	-7	2	-5	-30	-27	-35	-16	-38	-29	-3	33	84	24	56	11	10	-40	17	41	-13	15	-71	-53	-33	-36	-43	-49	-60	-52	-43	-30	-13	-20	-39	-48	-80	-57	-78	-110	-115	-109	-88	-100	-76	-45	-38	-8	-61	-101	-18	-70	82	55	33	51	47	49	60	53	54	31	13	21	49	55	87	59	87	114	115	114	122	103	94	46	39	41	63	109	22	72	210.00	194.80	185.20	135.00	156.20	171.90	176.20	193.00	142.50	193.10	171.30	194.00	217.60	209.40	203.60	195.70	206.00	194.80	181.50	163.20	136.30	166.50	143.60	166.30	165.30	258.70	164.40	157.90	215.80	167.90	8.61068303	-164.36456714	8.57161615	-164.39786400
395	15	07	13	12	16	53	02		46	47	47	47	46	46	44	42	39	36	33	30	28	26	24	22	22	20	19	20	20	19	18	18	18	18	18	18	17	17	-52	-24	32	31	35	28	33	35	49	41	7	23	2	-4	-6	11	-21	16	15	26	54	64	60	50	11	-18	-43	-1	7	5	-57	-40	-34	-44	-59	-57	-45	-63	-56	-39	-18	-18	-22	-32	-22	-50	-42	-66	-106	-88	-85	-55	-82	-41	-104	-73	-61	-83	-39	-10	77	47	47	54	69	64	56	72	74	57	19	29	22	32	23	51	47	68	107	92	101	84	102	65	105	75	75	83	40	11	222.40	211.00	136.70	144.80	149.30	153.80	143.70	150.90	138.80	133.60	158.70	128.00	174.80	187.10	195.30	167.60	206.60	166.40	171.90	163.50	147.60	130.70	143.80	129.40	174.00	193.90	215.20	180.70	169.80	153.40	8.57154432	-164.39792284	8.53154646	-164.42912866
396	15	07	13	12	36	47	83		50	52	53	52	50	46	41	38	36	34	32	31	29	28	26	24	22	22	22	22	21	20	19	18	18	18	17	17	16	16	47	48	65	79	55	48	31	35	27	16	45	28	35	38	23	20	18	38	26	51	42	83	33	33	65	16	62	-13	5	94	-4	-38	-25	-22	-32	-14	3	-18	10	19	31	13	-3	-7	-8	-38	-24	-24	-54	-53	-6	-39	-19	-49	-39	-79	-10	-32	-111	-126	47	61	70	82	64	50	31	39	29	25	55	31	35	39	24	43	30	45	60	74	42	92	38	59	76	81	63	35	111	157	94.90	128.40	111.00	105.60	120.20	106.30	84.50	117.20	69.70	40.10	55.40	65.10	94.90	100.40	109.20	152.20	143.10	122.30	154.30	136.10	98.10	115.20	119.90	146.00	121.00	168.60	99.20	202.10	177.40	143.30	8.53141319	-164.42922782	8.49090404	-164.45892247
397	15	07	13	12	56	49	52		55	55	52	50	47	44	42	39	38	36	34	32	29	27	25	22	22	21	21	20	20	19	20	20	20	20	19	18	17	16	83	84	73	73	57	39	28	22	65	52	58	60	45	55	31	17	33	35	55	84	55	93	70	27	25	46	16	-33	-78	3	-23	-42	-11	-25	-11	-15	9	20	34	29	9	0	17	1	16	38	26	42	15	-5	20	-45	-82	-45	-36	-27	-44	-22	1	-97	86	94	74	77	58	42	29	30	73	60	59	60	48	55	35	42	42	55	57	84	59	103	108	52	44	53	47	40	78	97	105.50	116.60	98.60	108.90	100.90	111.00	72.20	47.70	62.40	60.90	81.20	90.00	69.30	89.00	62.70	24.10	51.80	39.80	74.70	93.40	70.00	115.80	139.50	149.00	145.20	120.40	160.00	236.30	270.70	178.20	8.49082869	-164.45897218	8.44919016	-164.48879264
398	15	07	13	13	16	51	22		56	54	52	50	47	43	40	38	38	35	32	29	27	26	24	24	22	20	20	19	19	19	19	20	20	20	19	18	16	16	72	73	88	87	52	47	41	43	26	55	49	28	51	59	34	54	34	56	54	37	70	33	35	57	-11	-6	1	-41	17	24	7	2	-49	-51	-32	-54	-31	-29	-33	-54	-54	-36	-38	-44	-17	8	-45	-42	-48	-43	-58	-50	-68	-78	-69	-42	-32	-105	183	31	72	73	101	101	61	72	51	52	42	77	73	46	64	74	38	55	56	70	72	57	91	60	76	97	70	42	32	113	184	39	84.40	88.40	119.10	120.40	121.60	139.00	127.10	124.00	141.80	134.50	137.80	142.10	126.70	126.70	116.60	81.60	142.90	126.90	131.60	139.30	129.60	146.60	152.80	143.80	189.10	188.10	178.20	201.30	5.30	37.70	8.44911430	-164.48883899	8.40915936	-164.51939765
399	15	07	13	13	36	52	92		54	53	50	47	44	41	39	38	35	32	29	28	26	24	23	22	20	20	18	19	19	19	19	19	19	18	17	16	16	15	103	107	106	109	84	78	60	73	68	88	63	97	74	98	72	85	94	62	49	52	73	59	62	95	17	81	74	91	-72	-181	32	22	9	-2	-31	-29	-16	-21	-23	-15	-1	6	32	2	64	57	18	-20	4	-24	-36	-78	-28	-30	-36	-51	-53	-59	-110	-23	108	109	106	109	90	83	62	76	72	89	63	97	81	98	96	102	96	65	49	57	81	98	68	100	40	96	91	108	131	182	72.70	78.40	85.10	91.10	110.30	110.40	104.90	106.00	108.70	99.70	90.90	86.50	66.60	88.80	48.40	56.20	79.20	107.90	85.30	114.80	116.30	142.90	114.30	107.50	154.70	122.20	125.60	123.00	213.20	262.80	8.40908887	-164.51944669	8.36885883	-164.54876281
400	15	07	13	13	56	47	70		53	53	50	46	42	40	38	36	34	33	31	29	26	25	23	21	20	18	18	19	18	18	17	17	16	15	15	14	14	14	48	80	102	82	64	37	68	47	42	56	65	56	62	71	65	83	103	82	45	59	44	4	47	16	118	74	443	-674			8	23	20	19	-18	-19	-19	-46	-58	-24	-21	-23	14	7	-1	6	6	9	-2	-11	-12	-36	-48	1	-33	41	203	55			49	83	104	84	66	42	71	66	72	61	68	61	64	71	65	83	103	82	45	60	46	36	67	16	123	85	487	676			80.50	74.00	78.90	77.00	105.70	117.20	105.60	134.40	144.10	113.20	107.90	112.30	77.30	84.40	90.90	85.90	86.70	83.70	92.50	100.60	105.30	173.70	135.60	86.40	105.60	61.00	65.40	274.70			8.36871701	-164.54884714	8.32941486	-164.57824197
401	15	07	13	14	16	49	39		54	52	49	44	40	38	36	34	33	32	30	28	26	24	22	20	20	20	20	19	19	18	18	16	15	14	14	14	14	14	60	83	75	80	63	76	64	103	79	72	89	67	82	63	78	68	70	43	14	24	-11	47	68	2	-75	-52					-16	-6	16	-5	-38	-38	-31	-33	-17	-11	-21	-10	-21	-18	-2	-4	-33	-35	-53	-24	-16	-60	-77	-70	165	-81					62	83	77	80	74	85	71	108	81	73	91	68	85	66	78	68	77	55	55	34	19	76	103	70	181	96					104.90	94.10	78.00	93.60	121.10	116.60	115.80	107.80	102.10	98.70	103.30	98.50	104.40	105.90	91.50	93.40	115.20	129.10	165.20	135.00	214.50	141.90	138.60	178.40	335.60	212.70					8.32934420	-164.57828237	8.29002603	-164.60629385
402	15	07	13	14	36	51	16		50	47	45	43	40	38	35	32	30	28	26	25	24	23	22	21	21	21	20	20	20	19	18	16	16	15	15	15	14	14	41	42	47	59	48	46	44	72	77	67	51	41	49	47	39	34	-19	-4	22	18	12	-28	19	-25	55	-77	-129	57	-418	-253	-19	-16	-30	-40	-39	-39	-42	-27	-45	-20	-26	-18	-24	-42	-38	-37	-58	-47	-57	-68	-65	-55	-34	-45	-149	-8	-72	-67	108	-376	45	45	56	71	62	60	61	77	89	70	57	45	55	63	54	50	61	47	61	70	66	62	39	51	159	77	148	88	432	453	114.90	110.90	122.60	124.10	129.10	130.30	133.70	110.60	120.30	106.60	117.00	113.70	116.10	131.80	134.30	137.40	198.10	184.90	158.90	165.20	169.50	207.00	150.80	209.10	159.70	264.10	240.80	139.60	284.50	213.90	8.28996635	-164.60635286	8.25241651	-164.63674321
403	15	07	13	14	56	52	84		51	50	48	45	41	38	36	33	30	28	26	25	24	22	20	20	20	20	20	20	19	18	18	17	16	16	16	16	16	15	22	29	47	71	49	68	58	53	79	66	66	59	44	47	17	0	4	-28	-25	-12	-52	-8	-45	-56	-23	0	3	3	-16	-78	4	5	0	2	27	22	45	43	33	5	-4	-23	-27	-36	-7	-61	-64	-64	-108	-118	-100	-104	-68	-82	-114	-144	-156	-198	-174	-58	22	29	47	71	56	71	73	68	86	66	66	63	52	59	18	61	64	70	111	119	113	104	82	99	116	144	156	198	175	97	79.70	80.20	90.00	88.40	61.10	72.10	52.20	50.90	67.30	85.70	93.50	111.30	121.50	127.50	112.40	180.00	176.40	203.60	193.00	185.80	207.50	184.40	213.50	214.30	191.40	180.00	178.90	179.10	185.30	233.40	8.25234854	-164.63679065	8.21521302	-164.66730170
404	15	07	13	15	16	47	64		51	50	48	46	42	38	37	35	32	29	26	24	23	22	20	20	19	20	19	18	18	17	17	16	16	15	15	16	16	17	64	51	62	62	59	64	61	55	107	73	114	128	91	95	98	97	26	46	73	42	17	30	1	78	5	30	-131	126	163	88	-27	-35	-33	3	39	27	5	23	19	7	1	-13	-31	-42	-31	-54	-51	-49	-96	-98	-71	-68	-120	-29	-57	-233	1	-77	-94	-78	69	62	70	62	71	69	61	60	109	73	114	129	96	104	103	111	57	67	121	107	73	74	120	83	57	235	131	148	188	118	112.90	124.50	118.00	87.20	56.50	67.10	85.30	67.30	79.90	84.50	89.50	95.80	108.80	113.90	107.60	119.10	153.00	136.80	142.80	156.80	166.50	156.20	179.50	110.40	175.00	172.70	270.40	121.40	120.00	131.60	8.21509182	-164.66739985	8.17808663	-164.69623620
405	15	07	13	15	36	49	34		51	50	48	46	44	40	38	36	34	32	30	28	25	24	23	22	23	22	21	20	19	19	18	17	16	16	16	17	17	17	64	60	54	44	37	61	58	98	89	80	133	116	122	91	110	91	84	74	81	74	71	47	34	-10	72	92	50	-10	37	85	5	10	6	-20	-2	49	18	13	10	-4	26	-4	-22	-64	-19	-37	-75	-63	-65	-95	-56	-112	-77	-110	-148	-2	-153	-185	-111	-131	64	61	54	48	37	78	61	99	90	80	136	116	124	111	112	98	113	97	104	120	90	121	84	110	165	92	161	185	117	156	85.50	80.50	83.70	114.40	93.10	51.20	72.80	82.40	83.60	92.90	78.90	92.00	100.20	125.10	99.80	112.10	131.80	130.40	128.70	142.10	128.30	157.20	156.20	185.20	154.10	91.20	161.90	183.10	161.60	147.00	8.17801681	-164.69627718	8.13852615	-164.72259569
406	15	07	13	15	56	51	03		50	50	48	46	45	44	42	39	35	32	30	28	25	24	23	23	22	22	21	20	18	18	17	17	17	17	18	18	17	16	49	32	18	19	9	21	49	74	56	82	99	93	87	70	60	80	58	37	68	57	-17	12	45	17	35	-31	35	65	2	73	-20	-12	-14	3	13	21	32	27	38	24	18	13	-5	-19	-43	-27	-43	-49	-58	-55	-101	-92	-148	-179	-125	-157	-76	-145	-141	-106	53	34	23	19	16	30	59	79	68	85	101	94	87	73	74	84	72	61	89	79	102	93	155	180	130	160	84	159	141	129	112.20	110.60	127.90	81.00	34.70	45.00	56.90	70.00	55.80	73.70	79.70	82.00	93.30	105.20	125.60	108.60	126.60	142.90	130.50	134.00	189.60	172.60	163.10	174.60	164.40	191.20	155.30	155.90	179.20	145.40	8.13845247	-164.72263031	8.10049284	-164.75089836
407	15	07	13	16	16	52	77		54	52	51	49	47	44	41	38	35	32	30	28	26	25	24	23	22	20	20	18	18	18	17	17	16	17	17	17	17	17	31	23	28	22	21	29	14	-1	25	34	40	25	54	61	52	49	78	84	40	-25	32	88	66	68	81	36	24	18	46	-60	-24	-11	2	20	17	4	32	18	16	36	32	20	33	28	-5	-2	-28	-32	-60	-16	-72	-53	-52	-76	-130	-106	-184	-80	-113	-214	39	25	28	30	27	29	35	18	30	50	51	32	63	67	52	49	83	90	72	30	79	103	84	102	153	112	186	82	122	222	127.70	115.60	85.90	47.70	51.00	82.10	23.60	356.80	57.40	43.40	51.30	51.30	58.60	65.30	95.50	92.30	109.70	110.90	146.30	237.40	156.00	121.10	128.20	138.20	148.10	161.20	172.60	167.30	157.80	195.70	8.10042897	-164.75094764	8.06260102	-164.77981215
408	15	07	13	16	36	47	58		49	50	50	50	49	48	46	44	40	36	33	30	28	26	24	22	22	20	19	18	17	17	17	17	16	16	15	16	16	15	23	8	-7	-28	-19	-13	-10	13	6	-19	-6	-13	-14	15	19	41	66	63	91	48	104	83	68	70	98	61	90	-72	-43	56	20	11	-7	-9	10	-6	12	43	57	56	47	48	51	39	40	31	47	11	49	-15	7	27	-44	1	-83	-27	48	36	-209	-108	30	14	10	29	21	14	16	45	57	59	47	50	53	42	44	51	81	64	103	50	104	87	81	70	128	67	102	80	213	122	49.00	36.00	225.00	252.20	297.80	245.20	320.20	16.80	6.00	341.30	352.70	344.80	344.60	21.00	25.40	52.90	54.50	80.10	61.70	107.40	86.10	72.00	122.90	89.20	130.30	113.90	61.90	296.60	191.60	152.60	8.06253447	-164.77985616	8.02390714	-164.80837902
409	15	07	13	16	56	49	28		39	42	46	46	46	45	45	44	42	38	36	33	31	29	26	24	22	21	20	18	18	18	17	16	16	16	16	16	16	15	-26	-39	-5	-21	-36	-30	-29	-20	-17	-8	-16	-17	-7	-1	18	15	29	27	55	28	69	41	83	50	38	187	200	71	230	-40	4	16	12	-8	2	7	24	11	44	54	57	49	32	60	56	41	18	46	42	48	0	20	33	31	-56	160	-182	-119	-293	-292	26	42	13	22	36	31	38	23	47	55	59	52	33	60	59	44	34	53	69	56	69	46	89	59	68	246	270	139	372	295	278.70	292.30	337.40	249.10	273.20	283.10	309.60	298.80	338.90	351.60	344.30	340.90	347.70	359.00	17.80	20.10	58.20	30.40	52.60	30.30	90.00	64.00	68.30	58.20	145.80	49.40	132.30	149.20	141.90	187.80	8.02384352	-164.80842881	7.98633937	-164.83855236
410	15	07	13	17	16	51	03		38	37	38	42	44	44	44	42	38	36	35	34	33	32	30	27	24	22	21	20	18	18	17	17	16	16	15	15	16	15	33	-35	-12	4	-17	-1	-5	-4	-10	6	-18	13	13	-3	36	14	19	17	25	50	78	31	68	-17	-52	19	21	187	477	600	39	11	18	13	13	30	27	36	42	34	42	42	31	35	50	67	27	13	19	45	31	98	84	61	-15	-34	41	-40	0	220	51	37	22	14	21	30	27	36	43	35	46	44	34	35	62	68	33	21	31	67	84	103	108	63	54	39	46	191	477	639	40.20	287.40	326.30	17.10	307.40	358.10	349.50	353.70	346.60	10.00	336.80	17.20	22.80	355.10	35.80	11.80	35.10	52.60	52.80	48.00	68.30	17.60	39.00	344.40	253.90	150.80	27.10	102.10	90.00	69.90	7.98627550	-164.83860031	7.94827664	-164.86850300
411	15	07	13	17	36	52	75		40	38	38	42	44	44	42	40	38	36	35	34	33	32	30	28	26	24	22	20	18	18	16	16	15	15	15	15	14	14	23	-5	-30	-37	7	9	-12	-22	-17	-6	16	23	41	28	49	49	20	52	58	60	71	44	17	6	44	76	-2	147	-20	-120	13	26	14	40	62	33	30	37	43	68	49	45	49	50	85	83	52	44	55	60	97	146	73	39	145	102	-120	95	115	136	26	26	33	54	62	34	32	43	46	68	52	51	64	57	98	96	56	68	80	85	120	152	75	39	152	127	120	175	117	181	60.50	349.10	295.00	317.20	6.40	15.30	338.20	329.30	338.40	355.00	18.10	27.10	39.90	29.20	30.00	30.60	21.00	49.80	46.50	45.00	36.20	16.80	13.10	8.70	16.90	36.70	181.00	57.10	350.10	318.60	7.94821537	-164.86855363	7.90961050	-164.89516717
412	15	07	13	17	56	47	56		37	36	37	39	42	45	45	43	40	38	36	33	32	33	32	30	28	26	24	22	20	19	17	16	16	16	15	14	14	15	2	-38	-77	-73	-58	-38	-9	1	-24	-24	-17	-26	5	1	35	9	11	-3	4	13	14	-23	12	52	45	-55	89	83	6	174	2	-27	-23	-26	27	38	29	49	49	57	73	59	59	46	68	72	87	68	95	111	92	103	130	158	42	38	-6	46	-110	-380	3	47	80	77	64	54	30	49	55	62	75	64	59	46	76	73	88	68	95	112	93	106	131	166	62	67	89	95	110	418	45.00	234.60	253.40	250.40	295.00	315.00	342.80	1.20	333.90	337.20	346.90	336.20	4.80	1.20	27.20	7.10	7.20	357.50	2.40	6.70	8.70	347.40	5.30	18.20	47.00	304.60	93.90	61.00	176.90	155.40	7.90954613	-164.89521864	7.87100321	-164.92263601
413	15	07	13	18	16	49	25		38	38	38	39	41	44	46	45	43	40	37	34	32	32	32	31	29	27	24	23	22	19	18	16	16	15	15	15	14	14	-10	-29	-36	-59	-74	-81	-45	-13	2	-18	-3	-9	-22	1	4	-24	-19	-4	5	-28	-17	-10	-50	-84	-74	-29	275	56	336	-57	-44	-75	-68	-47	-33	-17	8	25	31	37	32	33	28	42	55	35	41	48	77	66	92	55	96	83	78	68	297	119	-180	-203	45	80	77	75	81	83	46	28	31	41	32	34	36	42	55	42	45	48	77	72	94	56	108	118	108	74	405	132	381	211	192.80	201.10	207.90	231.50	246.00	258.10	280.10	332.50	3.70	334.10	354.60	344.70	321.80	1.40	4.20	325.60	335.10	355.20	3.70	337.00	349.50	349.70	332.50	314.70	316.50	336.90	42.80	25.20	118.20	195.70	7.87094068	-164.92268102	7.83244737	-164.95041146
414	15	07	13	18	36	50	94		44	42	41	41	42	43	44	45	44	42	40	37	33	32	31	30	28	26	24	22	21	20	18	17	16	16	16	15	15	15	0	-33	-34	-41	-59	-60	-48	-38	-24	-27	-12	-19	-3	-24	4	-13	3	7	8	-9	-12	-22	33	-17	-83	82	38	-74	-4	-71	-62	-83	-81	-59	-82	-55	-5	1	28	17	23	24	47	52	36	33	33	49	47	70	58	46	87	44	74	47	86	61	28	186	62	89	88	72	101	81	48	38	37	32	26	31	47	57	36	35	33	49	48	71	59	51	93	47	111	95	94	96	28	199	180.00	201.70	202.80	214.80	215.70	227.50	264.10	271.50	319.40	302.20	332.40	321.60	356.30	335.20	6.30	338.50	5.20	8.10	9.70	352.70	348.30	334.40	20.80	338.90	311.70	60.20	23.80	309.50	351.90	339.10	7.83237521	-164.95044230	7.79570564	-164.97926231
415	15	07	13	18	56	52	63		45	44	41	41	41	42	42	43	43	43	41	36	32	30	30	29	28	25	24	22	22	20	19	18	17	16	15	14	14	15	1	2	-11	9	3	-7	-16	-31	0	20	20	-15	-23	-7	-10	-21	16	-3	-13	6	3	-26	-3	-43	3	77	-42	-668		203	-98	-96	-95	-76	-56	-25	-7	5	17	1	2	13	28	6	9	24	27	30	57	46	39	33	29	59	41	109	228	203		-343	98	96	96	77	56	26	17	31	17	20	20	20	36	9	13	32	31	30	58	46	39	42	29	73	41	133	232	698		399	179.40	178.80	186.60	173.20	176.90	195.60	246.40	279.20	0.00	87.10	84.30	310.90	320.60	310.60	312.00	318.80	30.70	354.30	347.20	7.40	4.40	321.80	354.10	323.90	4.20	35.20	349.60	286.90		149.40	7.79563867	-164.97931201	7.75876600	-165.00713297
416	15	07	13	19	16	47	42		45	44	42	42	43	42	41	41	41	41	40	36	34	31	29	28	27	26	24	23	22	21	20	19	18	18	16	15	15	15	59	61	52	50	40	4	2	7	-10	4	14	-1	-1	-5	-2	-24	7	20	-2	-12	13	-17	11	-37	10	-37	25	27	32	194	-72	-77	-83	-81	-73	-55	-21	-1	-2	-23	-15	-3	-4	8	17	12	33	45	24	33	-6	6	32	35	17	9	16	16	131	100	93	98	98	95	83	55	21	7	10	23	21	3	4	9	17	27	34	49	24	35	14	18	34	51	20	38	30	31	135	218	140.70	141.60	147.90	148.30	151.30	175.80	174.60	98.10	258.70	170.10	137.00	198.40	194.00	328.00	353.30	296.60	12.00	24.00	355.20	340.00	114.80	289.40	19.00	313.40	30.50	283.70	57.40	59.30	13.70	62.70	7.75869836	-165.00715870	7.72085985	-165.03372850
417	15	07	13	19	36	49	11		47	46	44	44	43	42	41	40	40	40	39	38	35	32	29	26	25	24	24	23	22	21	20	20	19	17	16	15	14	14	43	39	36	31	23	8	1	-28	-32	-53	-38	-45	-26	-57	-53	-59	-40	-36	-25	-23	-9	-28	-17	-18	-12	-51	-20	-34	4	-111	-53	-59	-68	-76	-69	-43	-55	-25	-33	-57	-44	-41	-25	-20	-19	-33	21	27	18	7	-7	-8	-25	5	3	14	25	58	88	64	68	71	77	82	73	44	55	38	46	78	58	61	36	60	56	68	45	45	31	24	11	29	30	19	12	53	32	67	88	128	140.90	146.50	152.10	157.80	161.60	169.50	179.00	228.20	224.10	222.90	220.80	227.70	226.10	250.70	250.30	240.80	297.70	306.90	305.80	286.90	232.10	254.10	214.20	285.50	284.00	285.40	321.30	329.60	2.60	300.00	7.72079313	-165.03376496	7.71018885	-165.04073803
418	15	07	13	19	56	50	91		46	46	44	43	42	41	41	39	38	38	38	38	36	34	30	26	24	24	23	22	22	21	20	20	18	17	16	16	14	14	55	59	36	38	14	8	-13	-25	-29	-7	-32	-53	-33	-29	-38	-70	-45	-44	-27	-6	4	-32	-27	-12	-11	-9	22	-11	-30	37	-9	-13	-41	-53	-41	-24	-8	-3	0	-38	-13	-2	0	5	17	-7	23	49	32	28	68	42	19	14	46	65	60	18	48	10	56	60	55	65	43	25	15	25	29	39	35	53	33	29	42	70	51	66	42	29	68	53	33	18	47	66	64	21	57	38	99.30	102.40	138.70	144.40	161.10	161.60	238.40	263.20	270.00	190.40	247.90	267.80	270.00	279.80	294.10	264.30	297.10	318.10	319.80	347.90	3.40	322.70	305.10	319.40	346.60	352.10	20.10	328.60	328.00	74.90	7.71019103	-165.04073937	7.71252916	-165.04171084
419	15	07	13	20	16	52	61		44	46	45	42	41	41	40	38	36	37	37	38	36	34	32	28	25	23	22	22	22	21	19	19	18	18	16	16	15	14	64	52	42	44	26	27	3	-20	-23	-31	-27	-31	-37	-46	-45	-29	-32	-17	-18	1	15	39	-9	5	-44	-21	-2	13	-12	-31	-21	-37	-39	-60	-52	-29	-20	-7	-17	-21	-42	-13	-7	-1	0	30	34	62	58	48	45	33	55	46	78	70	42	88	23	217	67	64	57	74	58	40	20	21	29	37	50	34	38	46	45	42	47	64	61	48	47	51	56	46	90	73	42	89	26	219	108.20	125.40	132.90	143.70	153.40	137.00	171.50	250.70	233.50	235.90	212.70	247.20	259.30	268.80	270.00	316.00	316.70	344.70	342.80	1.20	18.40	49.80	350.70	6.20	330.60	343.30	357.30	8.40	332.40	351.90	7.71253134	-165.04171151	7.71449380	-165.04246454
420	15	07	13	20	36	47	44		44	46	44	42	41	40	39	37	35	36	36	36	36	35	32	28	25	22	22	22	21	20	19	18	18	17	16	14	14	14	35	36	40	18	5	8	-1	-20	-20	-33	-56	-53	-54	-56	-48	-53	-61	-30	-15	2	-1	14	4	-7	-8	-15	-11	-21	-68	-23	-47	-59	-79	-102	-56	-50	-20	-20	-25	-17	-19	-11	-25	-1	5	3	20	31	43	49	62	25	16	1	70	43	46	109	84	105	59	69	89	104	56	51	20	28	32	37	59	54	60	56	48	53	64	43	46	49	62	29	16	7	70	46	47	111	108	107	143.30	148.60	153.10	170.00	174.90	170.90	182.90	225.00	218.70	242.70	251.30	258.30	245.20	269.00	275.90	273.20	288.20	315.90	340.80	2.30	359.10	29.20	14.00	278.10	353.50	340.80	346.60	349.10	321.00	347.60	7.71449363	-165.04246630	7.71580230	-165.04376600
421	15	07	13	20	56	49	13		44	45	44	42	40	39	38	36	35	36	38	38	36	35	33	29	26	24	24	24	24	22	20	20	19	18	17	16	15	15	50	62	75	56	50	22	16	-4	-13	-20	-5	-27	-25	-30	-20	-19	-19	-9	-2	-2	17	29	-21	24	1	-1	-2	15	4	31	-42	-48	-70	-64	-53	-42	-19	-25	-30	-54	-5	7	-9	4	2	29	33	51	61	44	20	23	49	14	34	39	41	120	99	111	65	78	103	85	73	47	25	25	33	58	7	28	27	30	20	35	38	52	61	44	26	37	53	28	34	39	41	121	99	115	130.00	127.70	133.00	138.80	136.70	152.40	139.90	189.10	203.40	200.30	225.00	284.50	250.20	277.60	275.70	326.80	330.10	350.00	358.10	357.40	40.40	51.60	336.80	59.70	1.70	358.50	357.20	7.10	2.30	15.60	7.71580984	-165.04377019	7.68590120	-165.06054548
422	15	07	13	21	16	50	88		45	45	44	43	40	38	37	36	35	36	38	38	36	35	33	29	26	24	24	24	24	22	20	19	19	18	18	16	16	16	54	86	64	45	23	27	-11	-11	-28	-44	-31	-5	-15	-20	-10	-40	-20	-8	15	-6	-17	10	3	-33	-19	-19	-30	-41	-22	-17	-33	-25	-34	-37	-27	-39	-46	-47	-55	-33	-24	-23	-29	-24	2	29	9	38	57	32	-3	-20	-13	-15	-20	-7	47	9	68	51	63	90	72	58	35	47	47	48	62	55	39	24	33	31	10	49	22	39	59	33	17	22	13	36	28	20	56	42	71	54	121.40	106.20	118.00	129.40	139.60	145.30	193.40	193.20	207.00	233.10	232.30	192.30	207.30	219.80	281.30	305.90	294.20	348.10	14.70	349.40	260.00	153.40	167.00	245.60	223.50	249.80	327.40	282.40	342.10	341.60	7.68583263	-165.06058202	7.64454346	-165.07813599
423	15	07	13	21	36	52	58		44	44	44	44	43	41	38	35	34	34	36	36	36	34	33	30	28	26	25	25	24	22	21	20	19	19	18	17	16	16	9	37	33	73	75	33	9	-12	-45	-66	-67	-29	-13	-6	-3	-7	-3	-18	-15	-28	-24	-32	-16	-34	-36	-30	-29	-2	16	-29	-12	-2	13	5	10	-17	-13	-21	-30	-45	-7	-19	5	-6	-8	39	16	48	67	75	72	23	47	-1	24	8	26	29	39	32	15	37	35	73	76	37	16	24	54	80	67	35	14	8	9	40	16	51	69	80	76	39	50	34	43	31	39	29	42	43	143.10	93.10	68.50	86.10	82.40	117.30	145.30	209.70	236.30	235.70	264.00	236.80	291.00	225.00	200.60	349.80	349.40	339.40	347.40	339.50	341.60	305.70	341.20	268.30	303.70	284.90	311.90	356.10	22.30	317.80	7.64447465	-165.07817513	7.60394353	-165.09605113
424	15	07	13	21	56	47	36		36	39	42	44	45	43	40	39	36	34	34	34	35	35	34	32	30	27	24	23	23	23	22	21	20	20	18	17	16	16	-10	-12	27	34	64	68	41	39	16	-1	-42	-60	-33	-8	-25	-10	13	-1	13	4	10	16	3	11	14	23	18	34	44	23	-29	-19	-36	-47	-22	-23	-60	-63	-70	-56	-75	-67	-53	-25	0	5	9	9	17	19	42	38	28	23	13	25	21	10	44	16	31	22	45	58	68	72	73	74	72	56	86	90	62	26	25	11	16	9	21	19	43	41	28	25	19	34	28	35	62	28	199.00	212.30	143.10	144.10	109.00	108.70	145.70	148.20	167.10	181.00	209.20	221.80	211.90	197.70	270.00	296.60	55.30	353.70	37.40	11.90	13.40	22.80	6.10	25.60	47.10	42.60	40.60	73.60	45.00	55.20	7.60386667	-165.09604954	7.56359682	-165.11303614
425	15	07	13	22	16	49	08		36	39	41	42	43	42	38	38	39	38	36	36	36	36	35	32	29	26	25	23	22	21	21	21	20	18	18	17	16	16	-54	-8	1	24	35	36	30	10	6	-6	-35	-63	-75	-76	-52	-42	-36	-33	-31	-29	-38	-44	-32	-28	-36	-46	-39	-29	-35	28	-32	-17	-15	-66	-39	-33	-21	-45	-67	-86	-85	-98	-69	-60	-39	-15	-10	2	-11	-2	-1	-5	18	10	-3	28	-3	-28	-46	-55	63	19	15	70	52	49	37	46	67	86	92	117	102	97	65	45	37	33	33	29	38	44	37	30	36	54	39	40	58	62	239.30	205.20	176.20	160.00	138.10	132.50	125.00	167.50	174.90	184.00	202.40	212.70	227.40	231.70	233.10	250.30	254.50	273.50	250.50	266.10	268.50	263.50	299.40	289.70	265.20	301.30	265.60	226.00	217.30	153.00	7.56346447	-165.11309003	7.52094702	-165.12850930
426	15	07	13	22	36	50	78		33	39	43	44	43	40	38	38	37	37	36	36	36	34	32	29	26	25	24	24	23	22	22	21	20	18	18	17	17	17	-62	-51	-15	1	17	-18	-8	-30	-42	-51	-77	-70	-76	-46	-76	-27	-31	-55	-51	-55	-73	-59	-76	-67	-25	-22	-36	-50	-98	-60	-20	-6	0	-11	-13	-22	-22	-47	-49	-72	-48	-16	3	-1	-5	43	30	1	20	32	25	14	-9	-6	-39	-9	-34	-55	-52	-35	65	51	15	11	21	28	23	56	65	88	91	72	76	46	76	51	43	55	55	64	77	61	77	67	46	24	50	74	111	69	252.10	263.30	270.00	174.80	127.40	219.30	200.00	212.60	220.60	215.30	238.10	257.10	272.30	268.80	266.20	327.90	314.10	271.00	291.40	300.20	288.90	283.30	263.20	264.90	212.70	247.80	226.60	222.30	242.00	239.70	7.52087980	-165.12854216	7.47821851	-165.14463181
427	15	07	13	22	56	52	48		42	44	46	46	44	41	39	38	36	36	36	36	36	34	31	28	26	24	24	23	22	21	20	19	17	16	16	16	16	15	-23	-16	12	10	-4	-12	-33	-54	-50	-53	-57	-61	-66	-45	-46	-58	-32	-45	-52	-44	-67	-58	-64	-64	-40	-39	-48	-27	-60	-61	28	18	12	15	20	-8	-20	-17	-24	-61	-45	-11	8	23	41	51	50	30	21	57	33	28	10	31	2	30	-31	-26	-23	-32	36	24	17	18	20	14	39	57	55	81	73	62	66	51	62	77	59	54	56	72	75	64	65	71	40	49	57	37	64	69	320.60	318.40	45.00	33.70	348.70	236.30	238.80	252.50	244.40	221.00	231.70	259.80	276.90	297.10	311.70	311.30	327.40	303.70	292.00	322.30	296.20	295.80	278.90	295.80	272.90	307.60	237.10	226.10	249.00	242.30	7.47814785	-165.14465435	7.45117337	-165.15606154
428	15	07	13	23	16	47	28		39	42	44	45	44	42	40	39	38	38	37	37	36	33	31	28	26	24	24	22	22	20	20	18	17	17	17	16	15	15	-24	-25	1	16	-7	-10	4	-12	-33	-45	-51	-61	-89	-52	-64	-62	-84	-80	-87	-73	-70	-69	-37	-83	-60	-64	-27	-8	12	22	10	9	-9	7	-10	-2	-42	-41	-35	-50	-48	-50	-24	9	2	35	29	18	32	12	24	8	-5	-7	0	-28	-29	-22	-42	-15	26	27	9	17	12	10	42	43	48	67	70	79	92	53	64	71	89	82	93	74	74	69	37	83	60	70	40	23	44	27	292.60	289.80	173.70	66.40	215.00	258.70	174.60	196.30	223.30	222.00	226.70	230.70	254.90	279.80	271.80	299.40	289.00	282.70	290.20	279.30	288.90	276.60	262.30	265.20	270.00	246.40	223.00	200.00	164.10	124.30	7.45110699	-165.15608015	7.41278853	-165.17219318
429	15	07	13	23	36	49	05		36	40	43	44	44	43	41	40	38	37	38	39	40	40	37	34	30	28	27	26	24	22	20	20	18	17	16	16	16	16	-142	-104	-72	-79	-68	-76	-87	-77	-94	-104	-132	-131	-111	-121	-114	-111	-116	-106	-120	-118	-117	-112	-111	-115	-91	-69	-81	-58	-91	-155	15	12	-6	-14	4	0	-20	-29	-36	-65	-60	-79	-80	-61	-28	-7	23	14	34	42	29	5	12	-27	9	-35	-62	-18	-2	-1	143	105	72	80	68	76	89	82	101	123	145	153	137	136	117	111	118	107	125	125	121	112	112	118	91	77	102	61	91	155	276.00	276.60	265.20	260.00	273.40	270.00	257.10	249.40	249.00	238.00	245.60	238.90	234.20	243.20	256.20	266.40	281.20	277.50	285.80	289.60	283.90	272.60	276.20	256.80	275.60	243.10	232.60	252.80	268.70	269.60	7.41272332	-165.17222813	7.37513551	-165.18877116
430	15	07	13	23	56	50	75		35	40	42	44	44	44	42	40	38	36	36	36	36	36	36	35	32	29	26	26	25	24	23	22	20	20	18	18	17	16	-139	-139	-123	-93	-73	-98	-72	-76	-84	-91	-97	-97	-74	-92	-76	-87	-84	-70	-76	-96	-98	-85	-113	-109	-94	-92	-68	-42	-49	-45	23	9	-1	27	25	-1	5	-20	-27	-29	-35	-46	-46	-52	-33	-19	-10	21	20	51	33	55	29	4	28	0	9	-42	-17	-29	141	139	123	97	77	98	72	79	88	96	103	107	87	106	83	89	85	73	79	109	103	101	117	109	98	92	69	59	52	54	279.40	273.70	269.50	286.20	288.90	269.40	274.00	255.30	252.20	252.30	250.20	244.60	238.10	240.50	246.50	257.70	263.20	286.70	284.70	298.00	288.60	302.90	284.40	272.10	286.60	270.00	277.50	225.00	250.90	237.20	7.37507299	-165.18879832	7.33788097	-165.20620284
431	15	07	14	00	16	52	44		34	38	40	43	43	42	40	37	35	34	36	36	35	34	34	32	29	26	24	24	23	22	20	19	18	18	18	17	16	15	-135	-127	-123	-112	-110	-85	-82	-100	-106	-122	-109	-122	-106	-111	-93	-96	-116	-142	-130	-164	-105	-107	-121	-114	-89	-121	-128	-102	-74	-73	19	30	21	40	32	26	31	25	2	-31	-42	-33	-32	-35	-37	-22	4	-1	10	7	3	-15	4	-27	-25	-67	-25	-25	24	-41	136	130	125	119	115	89	88	103	106	126	117	126	111	116	100	98	116	142	130	164	105	108	121	117	92	138	130	105	78	84	278.00	283.30	279.70	289.70	286.20	287.00	290.70	284.00	271.10	255.70	248.90	254.90	253.20	252.50	248.30	257.10	272.00	269.60	274.40	272.40	271.60	262.00	271.90	256.70	254.30	241.00	258.90	256.20	288.00	240.70	7.33781903	-165.20622882	7.30027783	-165.22500521
432	15	07	14	00	36	47	33		35	40	42	44	43	42	40	39	38	37	37	37	36	35	32	28	24	23	22	22	21	20	18	18	17	17	16	15	15	15	-131	-112	-107	-99	-82	-83	-86	-67	-59	-85	-93	-122	-83	-75	-70	-77	-58	-92	-92	-111	-146	-126	-79	-120	-105	-119	-101	-119	-123	-178	34	32	55	36	45	38	30	27	12	1	-11	-22	-13	-10	11	16	-6	8	17	10	-10	-18	-27	-35	-3	-33	-77	-33	-103	101	135	116	120	105	94	91	91	72	60	85	94	124	84	76	71	79	58	92	94	111	146	127	83	125	105	123	127	123	160	205	284.50	285.90	297.20	290.00	298.80	294.60	289.20	291.90	281.50	270.70	263.30	259.80	261.10	262.40	278.90	281.70	264.10	275.00	280.50	275.10	266.10	261.90	251.10	253.70	268.40	254.50	232.70	254.50	230.10	299.60	7.30020834	-165.22502046	7.26230965	-165.24164337
433	15	07	14	00	56	49	02		32	39	42	42	42	43	42	40	38	37	36	36	35	34	32	28	24	21	21	20	20	18	18	17	17	16	15	15	15	15	-136	-122	-82	-101	-84	-90	-84	-55	-58	-74	-87	-106	-91	-73	-69	-68	-40	-37	-77	-63	-121	-52	-84	-93	-67	-66	-62	-56	-104	-130	4	44	47	62	43	52	55	72	53	50	53	18	24	4	31	52	60	46	44	49	51	58	24	18	-9	12	3	-3	-17	35	136	130	95	119	94	104	100	91	79	89	102	108	94	73	76	86	72	59	89	80	131	78	87	95	68	67	62	56	105	135	271.70	289.80	299.80	301.50	297.10	300.00	303.20	322.60	312.40	304.00	301.30	279.60	284.80	273.10	294.20	307.40	326.30	321.20	299.70	307.90	292.90	318.10	285.90	281.00	262.30	280.30	272.80	266.90	260.70	285.10	7.26224301	-165.24166734	7.22465646	-165.25788548
434	15	07	14	01	16	50	75		33	39	42	44	44	44	42	40	38	37	37	37	36	34	30	26	24	22	21	20	20	20	18	17	16	16	16	16	16	15	-122	-118	-84	-71	-51	-47	-40	-31	-39	-57	-68	-61	-54	-67	-56	-66	-15	-38	-40	-65	-56	-67	-41	-36	-23	-30	-30	-130	-111	-106	19	25	51	36	34	62	61	71	70	50	53	33	28	35	28	30	38	27	59	16	43	17	26	-37	10	20	-23	20	11	-11	123	121	98	80	61	78	73	77	80	76	86	69	61	76	63	72	41	47	71	67	71	69	49	52	25	36	38	132	112	107	278.90	282.00	301.30	296.90	303.70	322.80	326.70	336.40	330.90	311.30	307.90	298.40	297.40	297.60	296.60	294.40	338.50	305.40	325.90	283.80	307.50	284.20	302.40	224.20	293.50	303.70	232.50	278.70	275.70	264.10	7.22452613	-165.25793033	7.18618780	-165.27172853
435	15	07	14	01	36	52	55		32	38	40	43	44	42	41	40	39	39	38	37	35	34	32	28	26	23	22	22	20	18	17	17	17	16	16	15	15	15	-95	-77	-61	-41	-22	-16	-26	-19	-28	-22	-31	-54	-40	-41	-39	-32	-49	-60	-47	-32	-18	-8	-40	-66	-46	34	-6	-50	-55	-55	8	12	9	17	15	29	48	64	44	52	53	55	40	35	33	34	40	13	30	28	38	26	-24	9	-18	1	-40	-26	-30	-77	95	78	62	44	27	33	55	67	52	56	61	77	57	54	51	47	63	61	56	43	42	27	47	67	49	34	40	56	63	95	274.80	278.90	278.40	292.50	304.30	331.10	331.60	343.50	327.50	337.10	329.70	315.50	315.00	310.50	310.20	316.70	309.20	282.20	302.60	311.20	334.70	342.90	239.00	277.80	248.60	88.30	188.50	242.50	241.40	215.50	7.18612720	-165.27175468	7.14850587	-165.28452686
436	15	07	14	01	56	47	33		29	37	42	45	45	43	41	41	41	41	40	38	35	32	30	27	24	22	21	20	18	18	18	18	18	18	20	20	19	17	-93	-86	-72	-25	-38	-29	-34	-15	-17	-35	-51	-47	-38	-45	-41	-48	-50	-44	-69	-58	-36	-1	-61	-73	-35	-30	-27	0	10	16	18	13	17	29	15	31	50	17	7	28	29	24	50	29	20	39	9	16	39	6	-7	15	-26	-6	-17	-45	-38	10	42	37	95	87	74	38	41	42	60	23	18	45	59	53	63	54	46	62	51	47	79	58	37	15	66	73	39	54	47	10	43	40	281.00	278.60	283.30	319.20	291.50	316.90	325.80	318.60	292.40	308.70	299.60	297.10	322.80	302.80	296.00	309.10	280.20	290.00	299.50	275.90	259.00	356.20	246.90	265.30	244.10	213.70	215.40	0.00	13.40	23.40	7.14844367	-165.28454815	7.11104069	-165.29982316
437	15	07	14	02	16	49	13		34	38	43	45	45	42	41	42	42	42	41	38	36	33	30	27	24	23	21	20	20	19	20	20	20	18	18	17	16	15	-148	-115	-105	-79	-69	-79	-55	-66	-59	-50	-72	-81	-78	-89	-84	-81	-88	-78	-70	-66	-73	-34	-52	-40	-59	-26	-46	-62	-60	-5	-17	-24	-30	-22	-22	-26	-41	-14	-13	0	-4	-4	0	11	-2	-3	-3	-5	-26	-9	-13	-28	-30	-26	-19	-25	15	-17	-49	51	149	117	109	82	72	83	69	67	60	50	72	81	78	90	84	81	88	78	75	67	74	44	60	48	62	36	48	64	77	51	263.40	258.20	254.10	254.40	252.30	251.80	233.30	258.00	257.60	270.00	266.80	267.20	270.00	277.00	268.60	267.90	268.00	266.30	249.60	262.20	259.90	230.50	240.00	237.00	252.10	226.10	288.10	254.70	230.80	354.40	7.11097514	-165.29983900	7.07349999	-165.31591835
438	15	07	14	02	36	50	91		44	48	49	47	44	43	44	46	46	44	42	39	37	35	32	29	27	25	24	23	22	22	21	20	18	16	15	15	15	14	-147	-120	-93	-78	-78	-76	-79	-88	-86	-83	-91	-94	-86	-103	-99	-96	-97	-109	-94	-72	-84	-54	-64	-27	-3	34	-84	-93	2	-23	-58	-46	-47	-49	-49	-55	-49	-42	-17	-20	1	-36	-23	-31	-18	1	-10	2	16	11	20	7	-12	-21	-7	-2	-7	-32	-52	-91	158	129	104	92	92	94	93	98	88	85	91	101	89	108	101	96	98	109	95	73	86	54	65	34	8	34	84	98	52	94	248.50	249.00	243.20	237.90	237.90	234.10	238.20	244.50	258.80	256.50	270.60	249.00	255.00	253.20	259.70	270.60	264.10	271.10	279.70	278.70	283.40	277.40	259.40	232.10	203.20	93.40	265.20	251.00	177.80	194.20	7.07343520	-165.31594366	7.03567917	-165.33009131
439	15	07	14	02	56	52	59		34	39	42	43	43	42	42	43	44	44	42	39	37	34	32	32	32	29	27	24	23	22	20	18	16	15	14	14	14	13	-161	-170	-134	-105	-96	-108	-102	-112	-105	-100	-111	-107	-126	-119	-113	-117	-115	-137	-137	-133	-101	-101	-63	-62	-57	-46	-19	-4	-83	159	-55	-52	-71	-67	-91	-77	-90	-65	-53	-41	-37	-44	-59	-67	-47	-37	-15	3	23	34	34	3	14	5	79	53	-32	-48	63	78	170	178	152	125	132	133	136	129	118	108	117	116	139	137	122	123	116	137	139	137	107	101	65	62	97	70	37	48	104	177	251.10	253.00	242.10	237.50	226.50	234.50	228.60	239.90	243.20	247.70	251.60	247.60	244.90	240.60	247.40	252.50	262.60	271.30	279.50	284.30	288.60	271.70	282.50	274.60	324.20	319.00	210.70	184.80	307.20	63.90	7.03562653	-165.33010916	7.01199685	-165.33729119
440	15	07	14	03	16	47	39		34	39	40	41	41	41	42	43	42	41	39	38	35	34	33	31	29	27	25	23	22	21	20	19	18	16	16	15	15	14	-126	-114	-99	-98	-64	-66	-75	-73	-62	-80	-76	-67	-91	-78	-62	-66	-106	-80	-98	-95	-82	-54	-2	2	3	16	-30	107	-168	185	-46	-48	-46	-60	-81	-80	-88	-77	-53	-40	-38	-25	-28	-42	-30	-34	13	34	6	-1	31	21	6	-14	34	-30	22	9	25	43	134	124	109	115	103	104	116	106	82	89	85	72	95	89	69	74	107	87	98	95	88	58	6	14	34	34	37	107	170	190	249.90	247.20	245.10	238.50	218.30	219.50	220.40	223.50	229.50	243.40	243.40	249.50	252.90	241.70	244.20	242.70	277.00	293.00	273.50	269.40	290.70	291.30	341.60	171.90	5.00	151.90	306.30	85.20	278.50	76.90	7.01198503	-165.33728214	6.97573733	-165.35081170
441	15	07	14	03	36	49	13		35	38	40	41	42	44	46	45	43	40	38	36	34	33	32	30	28	26	23	22	20	18	18	17	17	16	15	14	14	14	-151	-120	-94	-95	-95	-92	-89	-90	-98	-75	-92	-93	-103	-94	-93	-93	-102	-98	-110	-134	-103	-80	-47	-2	-44	-11	30	14	218		-25	-36	-47	-29	-42	-64	-49	-38	2	14	0	17	-17	-15	-19	12	13	8	31	35	38	37	32	27	-35	-53	-75	-162	1		153	125	105	99	104	112	102	98	98	76	92	95	104	95	95	94	103	98	114	138	110	88	57	27	56	54	81	163	218		260.60	253.30	243.40	253.00	246.10	235.20	241.20	247.10	271.20	280.60	270.00	280.40	260.60	260.90	258.50	277.40	277.30	274.70	285.70	284.60	290.30	294.80	304.20	355.80	231.50	191.70	158.20	175.10	89.70		6.97566952	-165.35082730	6.93576763	-165.36488182
442	15	07	14	03	56	50	91		39	41	42	44	46	49	48	47	45	42	39	36	35	34	32	28	26	25	24	22	20	18	17	17	16	15	15	14	14	14	-81	-64	-46	-62	-75	-52	-43	-50	-69	-61	-75	-84	-78	-74	-84	-122	-98	-119	-116	-124	-76	-54	-23	-37	-131	-112	-51	-161			-13	-25	-18	-35	-59	-21	-22	-3	4	21	11	6	-6	2	2	-1	22	6	14	29	48	39	50	54	20	-87	-101	127			82	69	49	71	95	56	48	50	69	65	76	84	78	74	84	122	100	119	117	127	90	67	55	65	133	142	113	205			260.90	248.70	248.60	240.60	231.80	248.00	242.90	266.60	273.30	289.00	278.30	274.10	265.60	271.50	271.40	269.50	282.70	272.90	276.90	283.20	302.30	305.80	335.30	325.60	278.70	232.20	206.80	308.30			6.93569446	-165.36488953	6.89530634	-165.38109250
443	15	07	14	04	16	52	67		36	38	41	46	49	49	47	45	42	39	36	34	32	31	28	27	26	24	22	20	18	18	17	16	16	15	14	14	14	14	-101	-84	-51	-53	-47	-50	-57	-61	-50	-50	-70	-68	-87	-96	-95	-107	-100	-94	-80	-102	-93	-91	-30	-46	-24	80	-45				5	-21	-19	2	5	-2	16	21	6	30	12	38	10	18	38	39	38	53	42	80	52	49	72	21	-41	-25	-401				101	87	54	53	47	50	59	65	50	58	71	78	88	98	102	114	107	108	90	130	107	103	78	51	48	84	404				272.80	256.00	249.60	272.20	276.10	267.70	285.70	289.00	276.80	301.00	279.70	299.20	276.60	280.60	291.80	290.00	290.80	299.40	297.70	308.10	299.20	298.30	337.40	294.50	210.30	107.40	186.40				6.89523971	-165.38111614	6.85616520	-165.39790903
444	15	07	14	04	36	47	50		35	40	46	51	52	50	45	42	40	39	38	35	33	30	28	26	24	22	21	20	19	18	17	16	16	16	15	14	13	14	-102	-107	-103	-76	-72	-75	-78	-84	-92	-78	-55	-67	-75	-101	-103	-76	-72	-81	-71	-62	-71	-30	-23	-11	-3	-30	-4				-39	-44	-46	-18	-13	13	23	17	26	34	0	4	41	46	49	23	27	56	46	59	38	12	57	42	18	88	202				109	116	113	78	73	76	81	86	96	85	55	67	85	111	114	79	77	98	85	86	81	32	61	43	18	93	202				249.10	247.60	245.90	256.70	259.80	279.80	286.40	281.40	285.80	293.60	270.00	273.40	298.70	294.50	295.40	286.80	290.60	304.70	302.90	313.60	298.20	291.80	338.00	345.30	350.50	341.20	358.90				6.85609831	-165.39794097	6.81544600	-165.41282102
445	15	07	14	04	56	49	19		44	48	50	50	48	44	42	40	39	39	38	34	29	25	23	22	22	21	20	19	18	17	16	15	14	14	14	14	13	14	-45	-69	-68	-28	-38	-41	-67	-62	-55	-44	-44	-43	-48	-73	-69	-71	-58	-45	-55	-31	-50	-91	24	63	140	175					-35	-49	-30	-15	-2	10	-19	-18	-14	-8	7	26	22	38	22	-6	-24	22	4	12	28	87	-16	25	94	216					57	85	74	32	38	42	70	65	57	45	45	50	53	82	72	71	63	50	55	33	57	126	29	68	169	278					232.10	234.60	246.20	241.80	267.00	283.70	254.20	253.80	255.70	259.70	279.00	301.20	294.60	297.50	287.70	265.20	247.50	296.10	274.20	291.20	299.20	313.70	123.70	68.40	56.10	39.00					6.81538180	-165.41284969	6.77399866	-165.42591766
446	15	07	14	05	16	50	89		46	47	47	46	46	44	42	40	38	37	32	27	24	22	21	21	20	19	19	19	18	17	16	16	16	15	14	14	14	14	-70	-63	-61	-63	-38	-33	-55	-32	-25	-37	-25	-24	-42	-77	-62	-46	-28	-46	-73	-83	-44	10	0	-38	52	426					-39	-27	-3	-3	-7	-18	0	11	21	38	48	57	8	12	-14	-17	5	-33	-21	-32	22	-11	57	-8	-173	399					80	69	61	63	39	38	55	34	33	53	54	62	43	78	64	49	28	57	76	89	49	15	57	39	181	584					240.90	246.80	267.20	267.30	259.60	241.40	270.00	289.00	310.00	315.80	332.50	337.20	280.80	278.90	257.30	249.70	280.10	234.30	254.00	248.90	296.60	137.70	0.00	258.10	163.30	46.90					6.77392717	-165.42594063	6.73315398	-165.43973020
447	15	07	14	05	36	52	59		46	45	42	40	38	37	37	37	36	36	32	29	26	22	19	18	17	18	18	18	17	17	16	16	15	14	14	13	13	14	-100	-76	-79	-91	-87	-77	-68	-62	-54	-35	-36	-24	-38	-51	-69	-56	-22	-47	-62	-74	-58	-56	-99	-41	35	154					-10	-22	27	17	20	24	42	28	35	52	63	50	45	55	14	-17	-1	0	-9	37	44	39	83	123	-75	-386					100	79	83	93	89	81	80	68	64	63	73	55	59	75	70	59	22	47	63	83	73	68	129	130	83	416					264.30	253.90	288.90	280.60	282.90	287.30	301.70	294.30	302.90	326.10	330.30	334.40	319.80	317.20	281.50	253.10	267.40	270.00	261.70	296.60	307.20	304.90	310.00	341.60	155.00	158.20					6.73308064	-165.43974814	6.70486003	-165.46814997
448	15	07	14	05	56	48	39		45	44	43	41	40	40	39	38	35	34	33	29	25	21	19	19	19	19	19	19	19	18	17	16	15	14	14	13	13	13	-67	-54	-53	-51	-82	-69	-52	-47	-36	-8	11	-25	13	-49	-24	-29	-46	-42	-40	-33	-55	-14	-65	-51	-127	-153					-24	4	-1	21	37	58	74	72	98	95	109	110	118	113	59	56	22	33	32	69	91	69	99	9	105	-377					71	54	53	55	90	90	90	86	104	95	110	113	119	123	64	63	51	53	51	76	106	70	118	52	165	407					250.30	274.20	268.90	292.40	294.30	310.00	324.90	326.90	339.80	355.20	5.80	347.20	6.30	336.60	337.90	332.60	295.60	308.20	308.70	334.40	328.90	348.50	326.70	280.00	309.60	202.10					6.70480102	-165.46819515	6.67804850	-165.49891214
449	15	07	14	06	16	50	08		40	40	40	40	40	41	40	38	35	33	32	30	26	22	20	20	19	19	19	19	19	18	16	16	15	15	14	14	13	13	-22	-11	-25	-27	-38	-52	-20	-23	-11	-4	-14	3	-11	-24	-23	-14	1	-13	-51	14	-30	17	22	-66	-45	-108					0	7	-25	-9	11	23	69	95	98	90	73	46	56	7	1	2	1	24	5	-15	40	-14	81	98	16	136					22	13	35	28	40	57	72	98	99	90	74	46	57	25	23	14	1	27	51	21	50	22	84	118	48	174					270.00	302.50	225.00	251.60	286.10	293.90	343.80	346.40	353.60	357.50	349.10	3.70	348.90	286.30	272.50	278.10	45.00	331.60	275.60	137.00	323.10	129.50	15.20	326.00	289.60	321.50					6.67798069	-165.49893946	6.63801670	-165.51524118
450	15	07	14	06	36	51	83		43	41	40	40	39	38	38	38	35	32	30	30	29	26	22	19	18	18	18	18	18	18	16	15	15	14	14	14	14	13	21	-5	-34	-24	-43	-53	-65	-42	-19	-3	17	-16	-10	-4	-26	-15	-10	-94	-65	-52	-8	-24	-56	-41	-203	-63					2	9	-10	-7	4	5	20	66	90	109	85	39	58	61	23	-10	-2	-48	-5	-40	33	49	-71	36	-10	244					21	10	35	25	43	53	68	78	92	109	87	42	59	61	35	18	10	106	65	66	34	55	90	55	203	252					84.60	330.90	253.60	253.70	275.30	275.40	287.10	327.50	348.10	358.40	11.30	337.70	350.20	356.20	311.50	236.30	258.70	242.90	265.60	232.40	346.40	333.90	218.30	311.30	267.20	345.50					6.63794998	-165.51526180	6.59800686	-165.53082615
451	15	07	14	06	56	46	73		39	39	38	38	38	38	37	38	37	34	31	28	28	28	26	23	19	17	17	17	17	16	16	16	16	15	14	14	14	14	-37	-26	-22	-62	-45	-67	-109	-99	-103	-99	-50	-30	-39	-20	-7	-16	-20	-74	-22	-49	-39	-15	2	-129	340	-242					-35	-18	-34	-28	-44	-45	-32	27	30	62	87	59	26	27	31	18	11	-24	-51	-62	-16	-65	-65	51	-32	-100					51	32	40	68	63	81	114	103	107	117	100	66	47	34	32	24	23	78	56	79	42	67	65	139	342	262					226.60	235.30	212.90	245.70	225.60	236.10	253.60	285.30	286.20	302.10	330.10	333.00	303.70	323.50	347.30	318.40	298.80	252.00	203.30	218.30	247.70	193.00	178.20	291.60	95.40	247.50					6.59794869	-165.53085884	6.55942035	-165.54726466
452	15	07	14	07	16	48	42		38	37	36	36	37	37	37	36	35	34	32	30	30	28	25	22	19	17	18	19	19	18	17	16	16	15	14	14	14	14	-12	-22	-24	-42	-91	-103	-87	-80	-71	-42	-21	-14	-13	10	8	-25	7	13	-18	25	-51	19	31	-45	264		14		474		-93	-80	-97	-80	-70	-51	-17	-24	28	35	17	0	-18	-20	-9	-11	-7	-64	-97	-41	-70	-22	-81	-9	-29		-101		-1095		94	83	100	90	115	115	89	84	76	55	27	14	22	22	12	27	10	65	99	48	87	29	87	46	266		102		1193		187.40	195.40	193.90	207.70	232.40	243.70	258.90	253.30	291.50	309.80	309.00	270.00	215.80	153.40	138.40	246.30	135.00	168.50	190.50	148.60	216.10	139.20	159.10	258.70	96.30		172.10		156.60		6.55935950	-165.54728963	6.52166951	-165.56412351
453	15	07	14	07	36	50	11		40	39	38	36	36	34	33	34	32	31	30	29	28	26	25	22	18	16	16	16	16	16	15	15	14	14	13	13	13	12	2	-18	-33	-45	-65	-91	-87	-104	-54	-42	-46	-43	-9	9	16	30	14	-42	-14	-61	-33	-62	-110	-73	-59	-112	89	-42	716		-115	-132	-119	-118	-93	-69	-57	-24	-19	-10	-25	-15	-26	-46	-70	-58	-67	-52	-18	-41	-46	-69	-7	-64	-42	114	54	-26	261		115	133	123	126	113	114	104	107	57	43	52	46	28	47	72	65	68	67	23	73	57	93	110	97	72	160	104	49	762		179.00	187.80	195.50	200.90	215.00	232.80	236.80	257.00	250.60	256.60	241.50	250.80	199.10	168.90	167.10	152.70	168.20	218.90	217.90	236.10	215.70	221.90	266.40	228.80	234.60	315.50	58.80	238.20	70.00		6.52160313	-165.56413986	6.50297116	-165.56716120
454	15	07	14	07	56	51	83		40	40	39	38	37	36	35	34	32	30	30	29	28	26	25	23	18	15	14	14	15	15	14	14	14	14	14	13	12	12	-4	6	-25	-38	-38	-63	-73	-68	-61	-57	-42	-37	-13	-8	5	-11	-19	-5	-61	9	84	21	-63	-96	43	19	175	-215	22		-65	-78	-66	-58	-35	-36	-5	4	11	37	42	34	26	-23	18	-11	15	-3	57	-9	41	56	14	-41	-79	136	92	179	246		65	78	71	69	52	73	73	68	62	68	59	50	29	24	19	16	24	6	83	13	93	60	65	104	90	137	198	280	247		183.50	175.60	200.70	213.20	227.40	240.30	266.10	273.40	280.20	303.00	315.00	312.60	333.40	199.20	15.50	225.00	308.30	239.00	313.10	135.00	64.00	20.60	282.50	246.90	151.40	8.00	62.30	309.80	5.10		6.50296865	-165.56715416	6.50446180	-165.56218050
455	15	07	14	08	16	46	64		41	41	40	39	37	36	36	36	34	32	31	30	29	27	24	20	17	16	16	16	16	16	15	14	14	13	13	12	13	13	-9	-16	-20	-46	-45	-75	-61	-48	-54	-39	-11	1	2	3	0	25	-12	-33	19	-22	-7	-16	32	3	39	-87	-76				-65	-92	-82	-53	-41	-28	-8	32	47	73	34	27	3	-9	-21	-11	38	3	-5	11	2	4	13	29	52	-36	236				66	93	84	70	61	80	62	58	72	83	36	27	4	9	21	27	40	33	20	25	7	16	35	29	65	94	248				187.90	189.90	193.70	221.00	227.70	249.50	262.50	303.70	311.00	331.90	342.10	2.10	33.70	161.60	180.00	113.70	342.50	275.20	104.70	296.60	285.90	284.00	67.90	5.90	36.90	247.50	342.10				6.50446247	-165.56217330	6.50566385	-165.55695330
456	15	07	14	08	36	48	33		40	41	40	39	38	36	35	35	34	33	32	30	29	26	22	19	17	16	16	17	16	15	14	14	14	14	13	13	12	12	41	38	18	18	-8	-20	-36	-35	-19	3	22	36	38	63	42	46	15	48	87	36	-6	-10	18	-59	-19	118	-334	-436	67	548	-24	-14	-32	-7	13	21	46	75	88	106	96	37	49	38	42	-27	21	64	18	12	58	41	3	36	105	88	-10	-153	-147	84	48	40	37	19	15	29	58	83	90	106	98	52	62	74	59	53	26	80	89	38	58	42	18	69	107	147	334	462	162	554	120.30	110.20	150.60	111.30	328.40	316.40	322.00	335.00	347.80	1.60	12.90	44.20	37.80	58.90	45.00	120.40	35.50	36.90	78.30	71.60	354.10	346.30	80.50	301.40	349.70	53.30	268.30	250.70	155.50	81.30	6.50566846	-165.55694332	6.49894685	-165.55299251
457	15	07	14	08	56	50	03		40	41	40	39	39	37	36	34	34	32	31	31	30	28	24	20	17	15	15	15	15	15	14	14	14	14	13	13	12	12	15	-12	-33	-25	-42	-54	-80	-83	-77	-56	-27	-28	3	10	45	6	28	-18	-103	-27	-7	-68	-25	81	-48	36	89	210		547	-51	-53	-59	-25	-25	3	26	55	68	98	109	47	50	30	26	12	18	-11	3	-20	-7	11	34	-2	106	81	197	204		308	53	54	68	35	49	54	84	100	103	113	112	55	50	32	52	13	33	21	103	34	10	69	42	81	116	89	216	293		628	163.60	192.80	209.20	225.00	239.20	273.20	288.00	303.50	311.40	330.30	346.10	329.20	3.40	18.40	60.00	26.60	57.30	238.60	271.70	233.50	225.00	279.20	323.70	91.40	335.60	24.00	24.30	45.80		60.60	6.49893536	-165.55299704	6.49215834	-165.55009003
458	15	07	14	09	16	51	72		41	42	42	42	40	38	36	35	34	33	31	30	30	28	25	22	18	15	15	16	16	16	14	14	14	14	14	14	13	13	-13	-12	-26	-18	-50	-66	-86	-83	-62	-42	-33	-16	-19	-4	-5	-3	15	-1	-50	-66	-3	23	32	30	-11	-75	-84	7	-245		-62	-53	-45	-18	3	14	57	79	93	117	108	74	47	25	5	31	-13	5	21	7	2	-52	0	-65	89	-7	-45	-156	-20		63	54	52	25	50	67	103	115	112	124	113	76	51	25	7	31	20	5	54	66	4	57	32	72	90	75	95	156	246		191.80	192.80	210.00	225.00	273.40	282.00	303.50	313.60	326.30	340.30	343.00	347.80	338.00	350.90	315.00	354.50	130.90	348.70	292.80	276.10	303.70	156.10	90.00	155.20	353.00	264.70	241.80	177.40	265.30		6.49215030	-165.55008785	6.47658468	-165.55164319
459	15	07	14	09	36	46	50		42	42	42	42	41	39	36	35	35	33	31	30	29	27	25	24	22	18	16	16	17	18	17	16	16	15	15	14	14	14	7	15	-10	-26	-19	-59	-50	-87	-79	-68	-42	-17	-1	7	14	42	-2	58	9	-119	17	-39	-45	-48	-5	85	-22	-99			-33	-45	-31	-11	-9	15	60	74	83	120	93	64	53	43	27	-13	18	55	10	-63	39	-16	-2	64	-48	-49	-225	-363			34	47	33	28	21	61	78	114	115	138	102	66	53	44	30	44	18	80	13	135	43	42	45	80	48	98	226	376			168.00	161.60	197.90	247.10	244.70	284.30	320.20	310.40	316.40	330.50	335.70	345.10	358.90	9.20	27.40	107.20	353.70	46.50	42.00	242.10	23.60	247.70	267.50	323.10	185.90	120.00	185.60	195.30			6.47651729	-165.55166801	6.43741018	-165.56379897
460	15	07	14	09	56	48	19		42	42	42	43	41	37	33	32	33	32	31	30	28	27	26	23	19	16	16	17	17	17	16	15	15	15	15	14	14	13	-1	19	13	-7	-8	-17	-50	-34	-45	-36	-12	1	9	21	29	26	37	21	-10	-54	-38	-46	-88	-33	-38	-86	-27	15	-107		-24	-23	-21	-12	2	32	40	61	55	75	91	59	53	23	-10	31	47	-10	-106	-76	-40	-55	-72	-55	-9	-49	-22	-67	-199		24	30	25	14	8	36	64	70	71	83	92	59	54	31	31	40	60	23	106	93	55	72	114	64	39	99	35	69	226		182.40	140.40	148.20	210.30	284.00	332.00	308.70	330.90	320.70	334.40	352.50	1.00	9.60	42.40	109.00	40.00	38.20	115.50	185.40	215.40	223.50	219.90	230.70	211.00	256.70	240.30	230.80	167.40	208.30		6.43734916	-165.56381648	6.39958785	-165.57388030
461	15	07	14	10	16	49	88		40	40	42	43	42	41	37	33	33	33	31	29	28	28	27	24	19	18	18	18	18	18	18	16	16	15	14	14	14	13	16	17	34	50	44	48	20	-18	-11	-29	-15	-14	-29	12	73	81	58	16	3	-25	-44	-40	-41	-61	-63	-38	160	-25			-6	-33	-29	-14	3	14	49	47	42	60	97	69	23	42	33	29	31	-66	-7	-63	-65	-37	-73	-86	-106	-179	-100	-65			17	37	45	52	44	50	53	50	43	67	98	70	37	44	80	86	66	68	8	68	78	54	84	105	123	183	189	70			110.60	152.70	130.50	105.60	86.10	73.70	22.20	339.00	345.30	334.20	351.20	348.50	308.40	15.90	65.70	70.30	61.90	166.40	156.80	201.60	214.10	227.20	209.30	215.30	210.70	192.00	122.00	201.00			6.39952348	-165.57389832	6.36167114	-165.58456630
462	15	07	14	10	36	51	59		40	40	42	42	43	42	40	38	37	36	32	29	28	26	25	22	20	18	18	18	18	18	18	18	16	15	14	14	13	14	1	24	2	22	23	0	-20	-26	-27	-30	-24	-29	-43	6	18	30	31	0	12	16	-22	-48	16	16	-20	-245	172				8	18	-29	-14	6	20	40	20	26	44	70	72	80	22	40	9	11	-1	-20	-9	-68	-51	-62	-95	-63	-144	51				8	30	29	26	24	20	45	33	37	53	74	78	91	23	44	31	33	1	23	18	71	70	64	96	66	284	179				7.10	53.10	176.10	122.50	75.40	0.00	333.40	307.60	313.90	325.70	341.10	338.10	331.70	15.30	24.20	73.30	70.50	180.00	149.00	119.40	197.90	223.30	165.50	170.40	197.60	239.60	73.50				6.36160735	-165.58458483	6.32367169	-165.59565514
463	15	07	14	10	56	46	39		42	40	42	42	41	40	40	39	37	35	33	30	27	25	23	20	18	17	17	17	17	18	18	16	15	14	14	13	12	12	-5	4	7	16	3	-5	-15	-35	-49	-41	-29	-31	2	5	11	-1	-29	-40	-39	-41	-50	-17	13	-58	-146	200					6	-7	-24	-7	13	11	4	0	3	15	30	42	36	53	42	74	14	14	-23	-60	-26	-70	-88	-114	-42	-713					8	8	25	17	13	12	16	35	49	44	42	52	36	53	43	74	32	42	45	73	56	72	89	128	152	741					320.20	150.30	163.70	113.60	13.00	335.60	284.90	270.00	273.50	290.10	316.00	323.60	3.20	5.40	14.70	359.20	295.80	289.30	239.50	214.30	242.50	193.70	171.60	207.00	254.00	164.30					6.32361051	-165.59567987	6.28547268	-165.60730280
464	15	07	14	11	16	48	11		40	39	41	41	40	40	38	37	36	35	34	31	27	24	22	20	18	18	17	17	17	18	17	16	15	14	14	13	13	13	-8	4	12	16	20	4	-8	5	-21	-32	-3	-16	-11	-6	25	-4	-39	8	-64	-9	-37	-40	11	-60	-77						-23	-31	-20	-16	-24	-25	-20	-17	-21	-38	-21	-12	13	35	18	50	-8	-52	-1	-46	-8	-57	-28	-69	-94						24	31	23	23	31	25	22	18	30	50	21	20	17	36	31	50	40	53	64	47	38	70	30	91	122						199.20	172.60	149.00	135.00	140.20	170.90	201.80	163.60	225.00	220.10	188.10	233.10	319.80	350.30	54.20	355.40	258.40	171.30	269.10	191.10	257.80	215.10	158.60	221.00	219.30						6.28540965	-165.60732870	6.24646598	-165.61890084
465	15	07	14	11	36	49	81		40	40	40	41	40	39	38	38	37	35	32	30	28	24	21	19	19	18	18	19	19	18	16	15	14	14	14	14	14	15	19	31	48	38	38	14	21	19	24	-1	6	7	3	6	2	7	-3	-19	-1	-12	10	-1	-29	-7					-27	-1	-58	-45	-44	-50	-45	-25	-44	-59	-53	-47	-66	-15	-29	-5	-6	-37	1	-38	-41	-89	-85	-57	-57	-133					-129	8	61	55	65	63	59	29	49	62	58	47	66	17	29	8	6	38	3	42	41	90	86	57	64	133					132	8	161.90	145.40	132.50	142.80	139.80	150.80	154.50	162.10	155.60	181.20	174.80	155.00	174.10	129.80	161.60	169.30	288.40	206.60	181.40	187.70	173.30	181.00	207.00	183.00					191.80	352.90	6.24639985	-165.61892314	6.20676317	-165.63103465
466	15	07	14	11	56	51	50		44	44	44	44	42	41	39	38	36	33	29	27	24	22	19	18	17	17	18	18	18	18	16	15	14	14	13	14	14	13	-11	-6	0	20	29	2	-6	-17	0	-28	-2	-15	24	-7	8	1	32	15	-16	28	7	-21	48	162							-43	-53	-36	-30	-10	-7	-17	-9	-11	-27	-13	-7	28	20	56	4	12	-3	-56	-3	2	-50	-51	-117							44	53	36	36	31	7	18	19	11	39	13	17	37	21	57	4	34	15	58	28	7	54	70	200							194.30	186.50	180.00	146.30	109.00	164.10	199.40	242.10	180.00	226.00	188.70	245.00	40.60	340.70	8.10	14.00	69.40	101.30	195.90	96.10	74.10	202.80	136.70	125.80							6.20669687	-165.63105435	6.16575303	-165.64364498
467	15	07	14	12	16	53	19		44	44	43	41	40	40	38	38	36	32	29	26	24	22	22	20	19	18	18	19	20	18	17	16	15	14	14	13	13	13	-18	-10	-7	11	20	0	-13	-8	-35	-32	-38	-24	-31	-35	-32	-11	-18	1	-11	-19	17	54	46	81	19	345					-36	-56	-53	-66	-53	-40	-41	-53	-48	-26	-17	-6	-7	-9	-25	-6	-20	-12	-78	-64	-53	-63	-31	3	-252	-428					40	57	53	67	57	40	43	54	59	41	42	25	32	36	41	13	27	12	79	67	56	83	55	81	253	550					206.60	190.10	187.50	170.50	159.30	180.00	197.60	188.60	216.10	230.90	245.90	256.00	257.30	255.60	232.00	241.40	222.00	175.20	188.00	196.50	162.20	139.40	124.00	87.90	175.70	141.10					6.16568053	-165.64365101	6.12503953	-165.65707069
468	15	07	14	12	36	47	98		34	34	34	35	35	35	34	34	33	32	31	30	28	26	23	22	20	18	18	18	19	19	18	17	16	16	14	14	14	14	2	4	13	34	22	44	17	18	12	2	-9	-3	-19	7	7	23	20	50	11	5	81	36	72	-45	55	90	250				-63	-64	-56	-73	-76	-67	-50	-53	-42	-35	-46	-51	-49	-44	-49	-45	-19	-29	-47	-71	-22	-7	-7	-21	-25	-105	257				63	64	57	81	79	80	53	56	44	35	47	51	53	45	49	51	28	58	48	71	84	37	72	50	60	138	359				178.20	176.40	166.90	155.00	163.90	146.70	161.20	161.20	164.10	176.70	191.10	183.40	201.20	171.00	171.90	152.90	133.50	120.10	166.80	176.00	105.20	101.00	95.60	245.00	114.40	139.40	44.20				6.12497181	-165.65709785	6.08440381	-165.67077099
469	15	07	14	12	56	49	67		37	36	36	36	37	38	37	38	37	36	34	30	27	24	23	22	20	18	16	16	17	17	17	16	16	15	14	14	14	13	-3	14	-8	2	12	9	-1	31	25	5	23	-3	23	13	32	13	7	32	-51	5	-10	62	98	123	10	230	107				-22	-21	-35	-58	-49	-58	-77	-70	-47	-48	-22	-17	-37	-36	-27	-7	50	23	29	62	-11	-70	41	110	116	-65	291				22	25	36	58	50	59	77	77	53	48	32	17	44	38	42	15	50	39	59	62	15	94	106	165	116	239	310				187.80	146.30	192.90	178.00	166.20	171.20	180.70	156.10	152.00	174.10	133.70	190.00	148.10	160.10	130.20	118.30	8.00	54.30	299.60	4.60	222.30	138.50	67.30	48.20	4.90	105.80	20.20				6.08433550	-165.67078985	6.04390950	-165.68339582
470	15	07	14	13	16	51	36		39	38	35	32	33	33	34	34	35	36	36	36	33	29	26	24	22	20	18	16	16	16	16	17	17	16	15	15	14	14	10	9	9	11	18	33	11	15	-9	0	15	18	10	53	27	48	34	69	99	110	59	37	163	54	57						-35	-34	-21	-39	-33	-31	-18	-34	-35	-61	-68	-33	-27	-20	-18	-35	-32	-38	2	5	1	-24	-142	-30	87						36	35	23	41	38	45	21	37	36	61	70	38	29	57	32	59	47	79	99	110	59	44	216	62	104						164.10	165.20	156.80	164.20	151.40	133.20	148.60	156.20	194.40	180.00	167.60	151.40	159.70	110.70	123.70	126.10	133.30	118.80	88.80	87.40	89.00	123.00	131.10	119.10	33.20						6.04383918	-165.68341250	6.00351233	-165.69678750
471	15	07	14	13	36	53	16		41	38	35	34	34	38	39	38	37	37	37	36	33	28	25	22	20	19	18	18	18	18	19	18	17	15	15	14	14	14	22	32	-4	4	8	0	10	4	-11	7	14	19	41	44	43	62	59	83	91	80	138	107	75	102							-89	-92	-72	-85	-106	-99	-100	-87	-114	-115	-109	-70	-66	-60	-43	-44	-48	-57	-69	-37	-59	-43	55	-45							92	97	72	85	106	99	100	87	115	115	110	73	78	74	61	76	76	101	114	88	150	115	93	111							166.10	160.80	183.20	177.30	175.70	180.00	174.30	177.40	185.50	176.50	172.70	164.80	148.20	143.70	135.00	125.40	129.10	124.50	127.20	114.80	113.10	111.90	53.70	113.80							6.00343916	-165.69679965	5.96389149	-165.70745179
472	15	07	14	13	56	47	97		37	35	33	33	32	34	35	36	36	36	35	33	30	26	24	23	22	22	20	20	19	18	16	16	15	15	14	14	14	13	34	52	53	36	32	7	33	45	23	14	32	22	40	68	28	65	82	72	90	80	64	176	116	115	30						-75	-63	-70	-85	-68	-73	-94	-84	-76	-51	-47	-41	-32	-22	-33	-38	-36	6	-23	47	77	-63	-70	83	95						82	82	88	92	75	73	100	95	79	53	57	47	51	71	43	75	90	72	93	93	100	187	135	142	100						155.60	140.50	142.90	157.00	154.80	174.50	160.70	151.80	163.20	164.60	145.80	151.80	128.70	107.90	139.70	120.30	113.70	85.20	104.30	59.60	39.70	109.70	121.10	54.20	17.50						5.96381832	-165.70744283	5.92331369	-165.71760069
473	15	07	14	14	16	49	67		32	30	31	33	34	35	35	34	34	33	33	32	32	29	26	24	24	23	20	18	17	17	17	16	16	14	14	14	14	13	71	68	92	49	52	47	56	40	47	45	65	60	58	65	73	76	78	81	90	124	85	164	81	126	122	-122	194				-52	-63	-74	-90	-100	-106	-101	-89	-71	-82	-82	-52	-61	-61	-27	-45	-44	-30	-82	-68	-26	-61	35	-65	127	-30	321				88	93	118	102	113	116	115	98	85	94	105	79	84	89	78	88	90	86	122	141	89	175	88	142	176	126	375				126.20	132.80	128.80	151.40	152.50	156.10	151.00	155.80	146.50	151.20	141.60	130.90	136.40	133.20	110.30	120.60	119.40	110.30	132.30	118.70	107.00	110.40	66.60	117.30	43.80	256.20	31.10				5.92324580	-165.71761418	5.88188597	-165.72884082
474	15	07	14	14	36	51	36		36	35	37	39	41	40	39	37	36	35	34	31	28	25	22	22	21	19	17	16	16	16	15	14	14	14	14	13	13	12	122	109	90	66	63	70	68	67	73	63	90	68	76	51	68	65	81	98	94	140	115	43	-2	89	-181	-67	-86				-18	-26	-67	-94	-75	-73	-27	-36	-29	-48	-40	-34	-27	-33	-18	-27	-34	-41	-33	-85	40	26	167	11	-43	-91	-241				123	112	112	115	98	101	73	76	79	79	98	76	81	61	70	70	88	106	100	164	122	50	167	90	186	113	256				98.40	103.40	126.70	144.90	140.00	136.20	111.70	118.20	111.70	127.30	114.00	116.60	109.60	122.90	104.80	112.60	112.80	112.70	109.30	121.30	70.80	58.80	359.30	83.00	256.60	216.40	199.60				5.88183484	-165.72888432	5.83938687	-165.73940084
475	15	07	14	14	56	53	08		34	34	35	38	40	40	40	39	38	36	35	35	32	28	25	23	21	19	18	16	16	15	16	15	15	14	14	14	13	13	155	124	116	88	103	108	100	92	97	79	67	78	65	82	66	84	107	104	27	122	37	110	32	-85	-201				131		-15	-29	-55	-55	-73	-42	-31	-27	-21	-29	-51	-47	-32	-17	-35	-18	-17	3	-10	-53	-26	-18	-73	34	-70				2		156	127	128	104	126	116	105	96	99	84	84	91	72	84	75	86	108	104	29	133	45	111	80	92	213				131		95.50	103.20	115.40	122.00	125.30	111.30	107.20	106.40	102.20	110.20	127.30	121.10	116.20	101.70	117.90	102.10	99.00	88.30	110.30	113.50	125.10	99.30	156.30	291.80	250.80				89.10		5.83932283	-165.73943420	5.79736965	-165.75011015
476	15	07	14	15	16	47	88		32	30	30	32	36	38	40	38	38	39	38	36	32	28	26	23	21	19	18	16	16	16	15	15	15	14	14	13	13	13	141	111	112	104	95	123	110	108	107	122	125	130	136	141	126	127	141	159	100	117	121	134	160	116	160	21					-16	-18	-55	-78	-86	-93	-80	-63	-80	-58	-67	-60	-82	-58	-32	-48	-23	-21	0	-30	-50	25	-93	132	12	102					142	112	125	130	128	154	136	125	134	135	142	143	159	152	130	136	143	160	100	121	131	136	185	176	160	104					96.50	99.20	116.20	126.90	132.20	127.10	126.00	120.30	126.80	115.40	118.20	114.80	121.10	112.40	104.30	110.70	99.30	97.50	90.00	104.40	112.50	79.40	120.20	41.30	85.70	11.60					5.79729614	-165.75012113	5.76276337	-165.77149750
477	15	07	14	15	36	49	56		30	29	28	30	32	36	38	39	39	38	40	38	32	28	26	22	20	18	16	15	15	14	15	15	14	13	13	13	13	13	153	157	129	138	102	113	109	134	119	145	147	168	160	173	159	163	150	130	103	70	237	44	36	-56	-86	55					-29	-37	-42	-72	-65	-62	-61	-42	-58	-70	-68	-71	-57	-58	-67	-33	-50	-51	-14	30	-71	27	-18	-35	84	-679					156	161	136	156	121	129	125	140	132	161	162	182	170	182	173	166	158	140	104	76	247	52	40	66	120	681					100.70	103.30	108.00	117.60	122.50	118.80	119.20	107.40	116.00	115.80	114.80	112.90	109.60	108.50	112.80	101.40	108.40	111.40	97.70	66.80	106.70	58.50	116.60	238.00	314.30	175.40					5.76270101	-165.77152834	5.73220169	-165.79713430
478	15	07	14	15	56	51	25		30	30	31	32	34	37	39	37	34	34	36	36	33	30	27	24	20	18	16	16	15	14	14	14	14	14	13	13	14	16	85	83	98	89	76	68	88	102	90	87	118	121	124	122	138	116	129	117	55	72	49	117	-221	275			63				-51	-55	-50	-63	-59	-61	-41	-35	-41	-51	-73	-67	-67	-35	-44	-27	-30	-32	-49	-5	-15	80	24	-448			119				99	100	110	109	96	91	97	108	99	101	139	138	141	127	145	119	132	121	74	72	51	142	222	526			135				121.00	123.50	117.00	125.30	127.80	131.90	115.00	108.90	114.50	120.40	121.70	119.00	118.40	106.00	107.70	103.10	103.10	105.30	131.70	94.00	107.00	55.60	276.20	148.50			27.90				5.73215199	-165.79718099	5.69399647	-165.81488416
479	15	07	14	16	16	52	98		35	34	32	30	30	30	32	33	33	34	36	36	33	30	28	25	21	19	17	17	16	15	14	14	14	14	14	14	13	13	92	75	92	106	107	90	78	57	85	92	97	120	104	115	115	126	109	103	66	39	87	36	151		-20	106	488				-10	-20	-27	-47	-60	-57	-51	-49	-53	-47	-29	-36	-36	-35	-27	-13	13	-24	-33	-19	-60	20	122		656	-366	40				93	78	96	116	123	107	93	75	100	103	101	125	110	120	118	127	110	106	74	43	106	41	194		656	381	490				96.20	104.90	106.40	113.90	119.30	122.30	123.20	130.70	121.90	117.10	106.60	106.70	109.10	106.90	103.20	95.90	83.20	103.10	116.60	116.00	124.60	60.90	51.10		358.30	163.80	85.30				5.69392749	-165.81491182	5.65277536	-165.82513732
480	15	07	14	16	36	47	81		41	40	37	34	33	34	35	34	34	35	36	36	34	31	29	25	22	20	18	17	16	16	15	15	14	15	15	14	14	13	36	36	21	29	59	52	56	49	64	61	68	63	66	76	90	91	83	60	48	128	20	18	155	-154	-325	-414	87	-137			-24	-18	-20	-50	-60	-76	-61	-38	-50	-32	-35	-1	5	-19	-11	16	16	-17	-9	-12	-10	-64	-100	-67	185	224	-594	446			43	40	29	58	84	92	83	62	81	69	76	63	66	78	91	92	85	62	49	129	22	66	184	168	374	471	600	467			123.70	116.60	133.60	149.90	135.50	145.60	137.40	127.80	128.00	117.70	117.20	90.90	85.70	104.00	97.00	80.00	79.10	105.80	100.60	95.40	116.60	164.30	122.80	246.50	299.60	298.40	171.70	342.90			5.65272415	-165.82517185	5.61196782	-165.83556214
481	15	07	14	16	56	49	50		34	35	34	33	33	34	36	36	37	39	37	35	33	31	28	25	22	20	20	18	17	16	15	15	14	15	15	14	14	14	13	-4	28	32	36	34	49	55	75	74	91	59	72	80	74	61	40	34	69	51	138	98	55	-119	402	-237	-403	32	92		-16	6	-18	-44	-45	-57	-70	-49	-41	-35	-23	2	-8	8	8	-7	-29	-42	-44	2	-3	-59	-76	-114	351	114	-169	-23	191		21	7	33	54	58	66	85	74	85	82	94	59	72	80	74	61	49	54	82	51	138	114	94	165	534	263	437	39	212		140.90	326.30	122.70	144.00	141.30	149.20	145.00	131.70	118.70	115.30	104.20	88.10	96.30	84.30	83.80	96.50	125.90	141.00	122.50	87.80	91.20	121.00	144.10	226.20	48.90	295.70	247.20	125.70	25.70		5.61183287	-165.83561000	5.57074453	-165.84706119
482	15	07	14	17	16	51	20		31	31	32	34	37	41	44	44	40	38	36	35	34	32	30	28	25	23	20	18	17	16	16	16	16	16	16	15	15	14	36	23	53	55	59	86	76	106	114	118	92	124	117	120	108	97	85	100	115	64	93	80	27	114	87	136	-105	29			-14	-29	-40	-40	-68	-64	-51	-1	13	19	10	-5	-9	-28	-60	-32	-49	-44	-23	-34	-50	-26	128	-108	-34	-65	-125	-223			39	37	66	68	90	107	92	106	115	120	93	124	117	123	124	102	98	109	117	72	106	84	131	157	93	151	163	225			111.30	141.60	127.00	126.00	139.10	126.70	123.90	90.50	83.50	80.90	83.80	92.30	94.40	103.10	119.10	108.30	120.00	113.70	101.30	118.00	118.30	108.00	11.90	133.50	111.30	115.50	220.00	172.60			5.57067471	-165.84706983	5.52857501	-165.85647533
