"Series Data"
"E:\S261\Data\ADCP\S261001_000000.LTA"
"Broadband 76.8 kHz"
"Pings/Ens ="	174
"Time/Ping = 00:02.00"
"First Ensemble Date = 15/07/10"
"First Ensemble Time = 09:36:47.77"
"Ensemble Interval (s) = "	1200.01
"1st Bin Range (m) = "	18.69
"Bin Size (m) ="	10.00


Ens	YR	MO	DA	HH	MM	SS	HH		"EAA"	"EAA"	"EAA"	"EAA"	"EAA"	"EAA"	"EAA"	"EAA"	"EAA"	"EAA"	"EAA"	"EAA"	"EAA"	"EAA"	"EAA"	"EAA"	"EAA"	"EAA"	"EAA"	"EAA"	"EAA"	"EAA"	"EAA"	"EAA"	"EAA"	"EAA"	"EAA"	"EAA"	"EAA"	"EAA"	"Eas"	"Eas"	"Eas"	"Eas"	"Eas"	"Eas"	"Eas"	"Eas"	"Eas"	"Eas"	"Eas"	"Eas"	"Eas"	"Eas"	"Eas"	"Eas"	"Eas"	"Eas"	"Eas"	"Eas"	"Eas"	"Eas"	"Eas"	"Eas"	"Eas"	"Eas"	"Eas"	"Eas"	"Eas"	"Eas"	"Nor"	"Nor"	"Nor"	"Nor"	"Nor"	"Nor"	"Nor"	"Nor"	"Nor"	"Nor"	"Nor"	"Nor"	"Nor"	"Nor"	"Nor"	"Nor"	"Nor"	"Nor"	"Nor"	"Nor"	"Nor"	"Nor"	"Nor"	"Nor"	"Nor"	"Nor"	"Nor"	"Nor"	"Nor"	"Nor"	"Mag"	"Mag"	"Mag"	"Mag"	"Mag"	"Mag"	"Mag"	"Mag"	"Mag"	"Mag"	"Mag"	"Mag"	"Mag"	"Mag"	"Mag"	"Mag"	"Mag"	"Mag"	"Mag"	"Mag"	"Mag"	"Mag"	"Mag"	"Mag"	"Mag"	"Mag"	"Mag"	"Mag"	"Mag"	"Mag"	"Dir"	"Dir"	"Dir"	"Dir"	"Dir"	"Dir"	"Dir"	"Dir"	"Dir"	"Dir"	"Dir"	"Dir"	"Dir"	"Dir"	"Dir"	"Dir"	"Dir"	"Dir"	"Dir"	"Dir"	"Dir"	"Dir"	"Dir"	"Dir"	"Dir"	"Dir"	"Dir"	"Dir"	"Dir"	"Dir"	    "FLat"	    "FLon"	    "LLat"	    "LLon"
									"cnt"	"cnt"	"cnt"	"cnt"	"cnt"	"cnt"	"cnt"	"cnt"	"cnt"	"cnt"	"cnt"	"cnt"	"cnt"	"cnt"	"cnt"	"cnt"	"cnt"	"cnt"	"cnt"	"cnt"	"cnt"	"cnt"	"cnt"	"cnt"	"cnt"	"cnt"	"cnt"	"cnt"	"cnt"	"cnt"	"mm/s"	"mm/s"	"mm/s"	"mm/s"	"mm/s"	"mm/s"	"mm/s"	"mm/s"	"mm/s"	"mm/s"	"mm/s"	"mm/s"	"mm/s"	"mm/s"	"mm/s"	"mm/s"	"mm/s"	"mm/s"	"mm/s"	"mm/s"	"mm/s"	"mm/s"	"mm/s"	"mm/s"	"mm/s"	"mm/s"	"mm/s"	"mm/s"	"mm/s"	"mm/s"	"mm/s"	"mm/s"	"mm/s"	"mm/s"	"mm/s"	"mm/s"	"mm/s"	"mm/s"	"mm/s"	"mm/s"	"mm/s"	"mm/s"	"mm/s"	"mm/s"	"mm/s"	"mm/s"	"mm/s"	"mm/s"	"mm/s"	"mm/s"	"mm/s"	"mm/s"	"mm/s"	"mm/s"	"mm/s"	"mm/s"	"mm/s"	"mm/s"	"mm/s"	"mm/s"	"mm/s"	"mm/s"	"mm/s"	"mm/s"	"mm/s"	"mm/s"	"mm/s"	"mm/s"	"mm/s"	"mm/s"	"mm/s"	"mm/s"	"mm/s"	"mm/s"	"mm/s"	"mm/s"	"mm/s"	"mm/s"	"mm/s"	"mm/s"	"mm/s"	"mm/s"	"mm/s"	"mm/s"	"mm/s"	"mm/s"	"mm/s"	"mm/s"	"mm/s"	"mm/s"	"deg"	"deg"	"deg"	"deg"	"deg"	"deg"	"deg"	"deg"	"deg"	"deg"	"deg"	"deg"	"deg"	"deg"	"deg"	"deg"	"deg"	"deg"	"deg"	"deg"	"deg"	"deg"	"deg"	"deg"	"deg"	"deg"	"deg"	"deg"	"deg"	"deg"	     "deg"	     "deg"	     "deg"	     "deg"
									31	32	33	34	35	36	37	38	39	40	41	42	43	44	45	46	47	48	49	50	51	52	53	54	55	56	57	58	59	60	31	32	33	34	35	36	37	38	39	40	41	42	43	44	45	46	47	48	49	50	51	52	53	54	55	56	57	58	59	60	31	32	33	34	35	36	37	38	39	40	41	42	43	44	45	46	47	48	49	50	51	52	53	54	55	56	57	58	59	60	31	32	33	34	35	36	37	38	39	40	41	42	43	44	45	46	47	48	49	50	51	52	53	54	55	56	57	58	59	60	31	32	33	34	35	36	37	38	39	40	41	42	43	44	45	46	47	48	49	50	51	52	53	54	55	56	57	58	59	60

171	15	07	10	09	36	47	77		32	30	27	27	30	33	37	42	46	48	47	45	43	42	40	39	36	33	32	30	28	26	23	21	19	17	16	15	15	14	-108	-91	-120	-110	-130	-121	-116	-109	-114	-93	-103	-98	-94	-116	-110	-112	-109	-110	-108	-97	-98	-86	-73	-71	-85	-117	-78	353			122	124	114	91	59	72	72	62	92	121	128	132	129	130	130	130	116	95	77	70	92	88	93	80	111	46	57	24			163	154	166	143	143	141	137	125	146	153	164	164	160	174	170	172	159	145	133	120	134	123	118	107	140	126	97	354			318.50	323.70	313.50	309.60	294.40	300.80	301.80	299.60	308.90	322.50	321.20	323.40	323.90	318.30	319.80	319.30	316.80	310.80	305.50	305.80	313.20	315.70	321.90	318.40	322.60	291.50	306.20	86.10			16.67474912	-159.86545304	16.63815315	-159.88927349
172	15	07	10	09	56	49	47		31	28	26	27	29	31	36	41	45	47	47	46	44	42	39	36	34	32	30	28	25	22	20	18	16	15	14	14	14	14	-39	-63	-51	-71	-64	-83	-120	-113	-120	-102	-87	-84	-89	-100	-90	-113	-109	-114	-106	-92	-85	-67	-41	-70	-229	28	49		-87		196	171	185	154	133	148	133	113	121	135	130	145	145	126	129	150	114	119	125	141	149	122	120	112	153	80	-62		610		200	182	192	170	148	170	179	160	170	169	156	168	170	161	157	188	158	165	164	168	172	139	127	132	275	85	79		616		348.70	339.80	344.60	335.20	334.30	330.70	317.90	315.00	315.20	322.90	326.20	329.90	328.50	321.60	325.10	323.00	316.30	316.20	319.70	326.90	330.30	331.20	341.10	328.00	303.70	19.30	141.70		351.90		16.63809037	-159.88930651	16.60165952	-159.91398736
173	15	07	10	10	16	51	17		30	28	27	27	28	31	36	41	44	46	47	46	44	42	38	35	32	30	28	26	24	21	19	17	16	15	14	14	14	14	-55	-79	-59	-85	-84	-102	-125	-119	-140	-131	-145	-115	-112	-117	-114	-113	-130	-105	-101	-100	-92	-90	-130	-113	-115	-167	133	357			223	206	166	145	141	143	137	131	152	124	140	139	150	161	140	129	130	133	122	127	132	163	164	65	135	24	109	-103			230	221	176	168	164	176	185	177	207	180	202	180	187	199	181	171	184	169	158	162	161	186	209	130	177	169	172	372			346.10	339.00	340.40	329.60	329.20	324.50	317.60	317.70	317.40	313.40	314.00	320.40	323.30	324.00	320.80	318.80	315.00	321.70	320.40	321.80	325.10	331.10	321.60	299.90	319.60	278.20	50.70	106.10			16.60159380	-159.91404084	16.56368346	-159.93956180
174	15	07	10	10	36	52	89		27	26	27	29	30	33	38	42	44	45	45	44	42	40	36	33	31	30	28	26	23	21	19	17	16	14	14	14	14	13	-105	-118	-115	-100	-128	-122	-145	-148	-163	-122	-125	-126	-122	-97	-106	-101	-106	-101	-85	-94	-67	-51	-42	-64	-11	-78	203	-504			182	137	137	123	110	114	135	137	141	147	141	133	146	138	134	127	126	125	155	151	154	143	146	106	95	111	-42	728			210	181	179	159	169	167	198	202	216	191	188	183	190	169	171	162	165	161	177	178	168	152	152	124	96	136	207	885			330.00	319.30	320.00	320.90	310.70	313.10	313.00	312.80	310.90	320.30	318.40	316.50	320.10	324.90	321.70	321.50	319.90	321.10	331.30	328.10	336.50	340.40	344.00	328.90	353.40	324.90	101.70	325.30			16.56362018	-159.93960665	16.52818903	-159.96699468
175	15	07	10	10	56	47	83		29	27	27	26	28	32	38	42	45	46	46	44	42	39	36	34	32	30	27	25	23	21	20	17	15	15	14	14	13	13	-69	-113	-83	-123	-117	-119	-132	-143	-149	-132	-133	-108	-103	-95	-107	-92	-108	-73	-82	-75	-51	-66	-26	-5	107	-199		-97			161	158	123	120	132	158	137	138	163	169	170	166	188	176	171	147	145	143	175	163	171	148	162	198	171	165		650			175	194	148	172	176	198	190	199	221	214	216	198	214	200	202	173	181	161	193	179	178	162	164	198	202	259		657			336.80	324.40	326.00	314.30	318.40	323.00	316.10	314.00	317.60	322.00	322.00	327.00	331.30	331.60	328.00	328.00	323.30	333.00	334.90	335.30	343.40	336.00	350.90	358.60	32.00	309.70		351.50			16.52815785	-159.96706350	16.49266150	-159.99355165
176	15	07	10	11	16	49	55		32	29	27	25	27	32	37	39	40	42	44	44	42	39	36	33	30	28	26	23	22	21	20	18	17	15	15	14	14	14	-28	-30	-17	-42	-41	-38	-54	-34	-64	-46	-39	-29	-20	-22	-42	-32	-43	-27	-35	-12	-24	-5	-14	-7	-31	46	158				158	135	150	148	141	124	134	137	150	152	153	184	200	206	188	171	181	180	165	194	187	164	206	151	223	167	53				160	138	151	154	147	130	144	141	163	159	158	186	201	207	193	174	186	182	169	194	189	164	206	151	225	173	167				350.00	347.50	353.50	344.20	343.80	343.00	338.10	346.10	336.90	343.20	345.70	351.00	354.30	353.90	347.40	349.40	346.60	351.50	348.00	356.50	352.70	358.30	356.10	357.30	352.10	15.40	71.50				16.49259369	-159.99358267	16.45173702	-160.00845602
177	15	07	10	11	36	51	25		33	30	27	26	27	32	34	36	38	40	40	40	40	38	36	33	30	28	26	24	23	22	20	18	17	15	15	14	14	14	-30	-27	-18	-29	-71	-26	-22	-42	-63	-31	-38	-35	-20	-32	-46	-46	-43	-43	-15	-40	-15	15	-26	9	51	42	5				106	98	95	99	86	85	100	101	96	94	108	117	120	128	129	123	122	117	105	135	120	136	116	134	74	166	23				110	102	97	103	112	89	102	109	115	99	114	122	122	132	137	131	129	125	106	141	121	137	119	134	90	171	24				344.20	344.60	349.30	343.70	320.50	343.00	347.60	337.40	326.70	341.70	340.60	343.30	350.50	346.00	340.40	339.50	340.60	339.80	351.90	343.50	352.90	6.30	347.40	3.80	34.60	14.20	12.30				16.45166687	-160.00848485	16.41174881	-160.02368652
178	15	07	10	11	56	52	95		29	27	26	26	30	34	36	37	38	40	40	40	38	36	35	32	30	27	26	24	22	20	18	17	16	15	14	14	14	14	-45	-34	-54	-62	-73	-67	-53	-63	-70	-62	-53	-54	-34	-17	-38	-14	-30	-32	-24	0	-9	-22	24	53	49	-25	203				67	64	65	21	59	37	57	62	56	78	66	107	77	99	99	111	106	103	101	106	129	113	153	63	97	85	76				81	72	85	65	94	77	78	88	90	100	85	120	84	100	106	112	110	108	104	106	129	115	155	82	109	89	217				326.10	332.00	320.30	288.70	308.90	298.90	317.10	314.50	308.70	321.50	321.20	333.20	336.20	350.30	339.00	352.80	344.20	342.70	346.60	0.00	356.00	349.00	8.90	40.10	26.80	343.60	69.50				16.41168653	-160.02371284	16.37389630	-160.04388071
179	15	07	10	12	16	47	73		28	26	26	28	32	35	36	37	38	38	38	38	36	33	30	27	25	23	22	20	20	18	17	16	15	15	14	14	14	14	-21	-13	-25	-63	-64	-47	-11	-36	-39	-18	-6	44	57	42	51	27	19	15	18	-17	-17	45	-23	56	121	49	884	181			60	65	63	53	43	31	31	21	28	34	40	53	67	59	77	78	65	66	73	39	62	80	90	70	188	17	330	207			64	66	68	82	77	56	33	42	48	38	40	69	88	72	92	83	68	68	75	43	64	92	93	90	224	52	944	275			340.70	348.70	338.40	310.10	303.90	303.40	340.50	300.30	305.70	332.10	351.50	39.70	40.40	35.40	33.50	19.10	16.30	12.80	13.90	336.40	344.70	29.40	345.70	38.70	32.80	70.90	69.50	41.20			16.37382531	-160.04389035	16.33502187	-160.06509002
180	15	07	10	12	36	49	42		28	28	27	28	30	30	28	29	30	32	32	32	31	30	28	26	24	22	20	19	18	16	15	15	14	14	14	14	13	13	15	20	13	13	21	13	14	-18	-14	29	29	40	33	40	55	42	27	28	15	51	45	-37	39	9	251		-132		-103		67	74	65	55	75	50	24	23	8	8	22	23	46	50	46	30	37	53	11	48	9	132	21	105	13		453		-103		69	77	66	57	78	52	28	29	16	30	36	46	57	64	72	52	46	60	19	70	46	137	44	105	251		472		146		12.60	15.10	11.30	13.30	15.60	14.60	30.30	322.00	299.70	74.60	52.80	60.10	35.70	38.70	50.10	54.50	36.10	27.80	53.70	46.70	78.70	344.30	61.70	4.90	87.00		343.80		225.00		16.33489631	-160.06517384	16.29673099	-160.08827764
181	15	07	10	12	56	52	14		29	29	28	28	27	26	25	28	32	34	33	32	32	32	30	27	25	24	22	20	18	17	16	16	15	14	14	14	14	14	-9	-15	-24	-32	-44	-44	-58	-56	-45	-43	-15	-24	-14	-18	-39	-49	-33	-44	-27	-47	-52	-63	-35	-57	57	-237	-137				118	123	116	116	99	84	64	64	78	90	93	84	79	80	91	69	72	87	50	68	82	73	86	68	-132	9	204				118	124	118	120	108	95	86	85	90	100	94	87	80	82	99	85	79	97	57	83	97	96	93	89	144	237	246				355.60	353.00	348.30	344.60	336.00	332.40	317.80	318.80	330.00	334.50	350.80	344.10	350.00	347.30	336.80	324.60	335.40	333.20	331.60	325.30	327.60	319.20	337.90	320.00	156.60	272.20	326.10				16.29668070	-160.08834620	16.25764819	-160.11106501
182	15	07	10	13	16	46	94		32	32	29	26	24	24	28	33	36	36	36	34	33	30	28	25	23	22	20	20	18	18	17	16	16	15	14	14	14	14	3	-7	-10	-28	-21	-14	-41	-35	-5	-4	5	-10	8	-11	-22	-25	-32	-57	-33	-19	-33	0	68	15	-50	4	43	736			88	75	107	90	58	30	42	19	46	74	70	84	83	96	101	46	58	25	45	67	19	45	-26	1	-73	71	-63	130			88	75	107	94	62	33	59	40	46	74	70	85	83	97	103	52	66	62	56	70	38	45	73	15	88	71	76	747			2.00	354.70	354.70	342.70	340.10	335.00	315.70	298.50	353.80	356.90	4.10	353.20	5.50	353.50	347.70	331.50	331.10	293.70	323.70	344.20	299.90	0.00	110.90	86.20	214.40	3.20	145.70	80.00			16.25758063	-160.11109502	16.21718748	-160.13040064
183	15	07	10	13	36	48	63		31	30	29	27	25	24	26	30	33	34	34	34	32	30	28	25	23	22	20	19	18	18	16	16	15	15	15	14	14	14	-13	-13	-14	-7	-33	-3	-12	-28	7	10	12	-3	-6	-3	-13	4	5	-3	-29	-37	-47	19	-17	-65	-55	113	282	152	-398		93	110	113	132	121	98	78	91	82	110	123	90	107	119	136	89	118	98	90	86	72	50	103	2	21	-167	54	-500	140		94	111	114	132	125	98	79	95	82	110	124	90	107	119	137	89	118	98	95	94	86	53	104	65	59	202	287	523	422		352.00	353.30	352.90	357.00	344.70	358.20	351.30	342.90	4.90	5.20	5.60	358.10	356.80	358.60	354.50	2.60	2.40	358.20	342.10	336.70	326.90	20.80	350.60	271.80	290.90	145.90	79.20	163.10	289.40		16.21712646	-160.13043869	16.17797786	-160.15009685
184	15	07	10	13	56	50	31		28	28	27	26	28	27	28	29	31	32	33	32	32	31	30	28	26	24	22	20	19	18	16	16	15	15	14	14	14	14	-11	-13	-7	-15	12	-12	28	25	16	32	7	-7	3	-10	-11	-9	9	-2	-27	-26	-4	-8	55	37	-29	147	174	23			58	88	51	69	70	53	55	81	91	98	102	96	114	103	117	115	127	90	99	69	86	31	54	38	-12	-48	144	-150			59	89	51	71	71	54	62	85	92	103	102	96	114	103	118	115	127	90	103	74	86	32	77	53	31	155	226	152			349.30	351.60	352.20	347.70	9.70	347.20	27.00	17.20	10.00	18.10	3.90	355.80	1.50	354.50	354.60	355.50	4.10	358.70	344.70	339.40	357.30	345.50	45.50	44.20	247.50	108.10	50.40	171.30			16.17791282	-160.15013767	16.13871066	-160.16994763
185	15	07	10	14	16	52	11		29	28	27	29	32	33	34	36	36	36	36	34	34	32	30	28	26	24	22	21	20	18	17	16	16	15	14	14	14	14	-37	-37	-28	-19	-11	-26	-36	-17	-25	1	6	11	-28	-1	-2	9	32	13	19	22	14	-3	-1	47	0	-31	-100	-381			42	51	46	59	39	39	50	62	69	76	82	85	96	106	90	86	76	93	57	62	62	16	21	56	96	46	101	284			56	63	54	62	41	47	62	64	73	76	82	86	100	106	90	86	82	94	60	66	64	16	21	73	96	55	142	475			318.60	324.00	328.70	342.10	344.20	326.30	324.20	344.70	340.10	0.80	4.20	7.40	343.70	359.50	358.70	6.00	22.80	8.00	18.40	19.50	12.70	349.40	357.30	40.00	0.00	326.00	315.30	306.70			16.13864671	-160.16998937	16.09989549	-160.19074347
186	15	07	10	14	36	46	89		30	29	30	32	33	34	35	37	39	39	38	36	34	33	30	29	27	25	22	20	19	18	17	16	15	14	14	14	14	14	-94	-107	-92	-60	-43	-52	-61	-81	-48	-54	-49	-42	-40	-39	-48	-20	-25	-31	11	-2	-21	9	-21	58	35	54	88	-19		-153	53	63	64	50	45	47	54	42	52	46	72	62	64	84	68	60	60	55	51	22	40	80	32	68	34	-23	-204	-96		113	108	124	112	78	62	70	81	91	71	71	87	75	75	93	83	63	65	63	52	22	45	81	38	89	49	59	222	98		190	299.40	300.50	304.80	309.80	316.30	312.10	311.50	297.40	317.30	310.40	325.80	325.90	328.00	335.10	324.80	341.60	337.40	330.60	12.20	354.80	332.30	6.40	326.70	40.50	45.80	113.10	156.70	191.20		306.40	16.09984084	-160.19080533	16.06327982	-160.21696667
187	15	07	10	14	56	48	64		34	32	32	32	33	34	34	34	36	38	39	38	36	34	32	31	29	26	24	22	20	19	18	17	16	16	15	14	14	14	-94	-104	-78	-67	-71	-65	-85	-83	-87	-97	-78	-81	-71	-59	-86	-87	-62	-64	-75	-29	-21	-19	-14	35	-36	84	-224	298			54	56	57	47	45	43	53	55	60	40	45	41	52	52	76	67	66	65	39	44	22	25	23	44	28	88	157	188			108	118	97	82	84	78	100	100	106	105	90	91	88	79	115	110	91	91	85	53	30	31	27	56	46	122	274	352			299.90	298.30	306.20	305.00	302.40	303.50	301.90	303.50	304.60	292.40	300.00	296.80	306.20	311.40	311.50	307.60	316.80	315.40	297.50	326.60	316.30	322.80	328.70	38.50	307.90	43.70	305.00	57.80			16.06322416	-160.21700565	16.02564985	-160.24142113
188	15	07	10	15	16	50	33		40	37	36	34	34	34	33	33	34	35	36	36	34	33	31	29	28	26	24	23	21	20	18	18	17	16	15	15	14	14	-80	-59	-55	-56	-74	-76	-61	-79	-96	-80	-66	-55	-67	-61	-72	-65	-65	-49	-73	-46	-18	-38	-25	-5	-17	-56	-63	87	32	-45	58	77	62	64	71	55	37	48	23	28	31	42	45	35	26	67	52	44	43	40	28	18	-25	18	9	75	-88	95	-42	234	99	97	83	85	103	94	71	92	99	85	73	69	81	70	77	93	83	66	85	61	33	42	35	19	19	94	108	129	53	238	305.90	322.50	318.40	318.80	313.80	305.90	301.20	301.30	283.50	289.30	295.20	307.40	303.90	299.80	289.90	315.90	308.70	311.90	300.50	311.00	327.30	295.30	225.00	344.50	297.90	323.30	215.60	42.50	142.70	349.10	16.02558036	-160.24145566	15.98476150	-160.26189267
189	15	07	10	15	36	52	08		46	45	43	42	40	38	37	36	35	35	36	36	34	32	31	31	31	30	28	26	24	22	20	18	17	16	16	15	14	14	-65	-69	-41	-53	-54	-56	-55	-67	-78	-48	-40	-41	-38	-45	-45	-73	-45	-32	-49	-22	-38	-54	-30	-50	-48	3	0	-35	-43	62	58	74	88	95	95	107	86	77	67	37	80	73	51	70	98	72	68	65	58	66	65	56	52	68	93	61	106	21	-253	556	87	101	97	109	109	121	102	102	103	61	89	84	64	83	108	103	82	72	76	70	75	78	60	84	105	61	106	41	257	559	311.70	317.00	335.00	330.80	330.40	332.40	327.40	319.00	310.70	307.60	333.40	330.70	323.30	327.30	335.30	314.60	326.50	333.80	319.80	341.60	329.70	316.00	330.00	323.70	332.70	2.80	0.00	301.00	189.60	6.40	15.98469185	-160.26191832	15.94438696	-160.28081347
190	15	07	10	15	56	46	86		44	43	43	43	43	43	43	43	43	44	43	42	41	41	39	38	36	33	30	26	23	21	19	18	17	16	16	16	15	15	-71	-44	-51	-60	-69	-39	-47	-34	-36	-16	-45	-38	-25	-35	-30	-12	-6	-26	-16	-11	-32	-24	-42	-48	-66	34	-4	76	-114	-92	95	115	128	142	154	135	118	114	107	86	80	95	61	100	107	76	97	68	98	93	82	81	53	62	101	65	81	128	-122	-139	119	123	138	154	169	141	127	119	113	87	92	102	66	106	111	77	97	73	99	94	88	84	68	78	121	73	81	149	167	167	323.20	339.10	338.30	337.10	335.90	343.90	338.30	343.40	341.40	349.50	330.60	338.20	337.70	340.70	344.30	351.00	356.50	339.10	350.70	353.30	338.70	343.50	321.60	322.30	326.80	27.60	357.20	30.70	223.10	213.50	15.94431429	-160.28083250	15.90340214	-160.29762631
191	15	07	10	16	16	48	70		38	36	35	34	35	36	38	40	42	44	44	44	44	44	41	38	36	34	32	29	26	24	22	20	19	18	16	16	15	15	-62	-88	-69	-80	-70	-32	-59	-46	-42	-35	-33	-48	-57	-31	-37	-19	-21	-8	5	-22	7	-1	-22	-12	-69	-66	-74	-53	-124	-10	151	163	161	179	163	172	133	116	96	99	78	113	123	123	112	112	98	87	102	71	67	67	68	47	47	71	-35	-16	6	115	163	185	175	196	177	175	145	125	105	105	85	123	136	127	118	114	100	87	102	74	67	67	71	49	83	97	82	55	124	115	337.70	331.60	336.80	335.90	336.80	349.50	336.10	338.40	336.40	340.50	337.10	337.00	335.10	345.90	341.70	350.40	347.90	354.70	2.80	342.80	6.00	359.10	342.10	345.70	304.30	317.10	244.70	253.20	272.80	355.00	15.90332754	-160.29765230	15.86194131	-160.31676496
192	15	07	10	16	36	50	50		34	34	33	33	32	32	33	34	38	42	46	46	46	44	43	40	37	34	32	30	28	26	23	21	19	18	17	16	15	15	-49	-41	-70	-64	-59	-67	-32	-51	-55	-66	-50	-56	-61	-55	-30	-47	-8	-29	-21	-1	26	13	12	-12	-20	-62	-37	-2	-64	-129	150	139	153	166	164	153	120	98	69	65	50	79	86	96	101	96	103	87	78	75	48	53	57	48	66	30	21	-2	44	189	158	145	168	178	174	167	124	110	88	93	71	97	105	111	105	107	103	92	81	75	55	55	58	49	69	69	43	3	78	229	341.90	343.60	335.40	338.90	340.20	336.40	345.10	332.50	321.40	314.60	315.00	324.70	324.70	330.20	343.50	333.90	355.60	341.60	344.90	359.20	28.40	13.80	11.90	346.00	343.10	295.80	299.60	225.00	304.50	325.70	15.86187216	-160.31681065	15.82035013	-160.33753616
193	15	07	10	16	56	52	20		28	27	27	28	30	30	30	32	35	39	42	45	46	45	42	40	37	34	32	30	26	24	22	20	19	18	17	17	16	16	-68	-82	-123	-119	-118	-95	-87	-106	-107	-99	-103	-86	-97	-70	-74	-81	-94	-77	-74	-60	-44	-59	-55	-27	-61	-60	-76	-53	-50	-113	63	74	104	117	136	133	107	61	40	42	52	52	69	56	83	87	70	76	54	75	61	80	59	28	35	41	8	63	-41	-47	93	110	161	167	180	163	138	122	114	108	115	100	119	90	111	119	117	108	92	96	75	99	81	39	70	73	76	82	65	122	312.80	312.10	310.20	314.50	319.10	324.50	320.90	299.90	290.50	293.00	296.80	301.20	305.40	308.70	318.30	317.00	306.70	314.60	306.10	321.30	324.20	323.60	317.00	316.00	299.80	304.30	276.00	319.90	230.60	247.40	15.82028937	-160.33759148	15.77737981	-160.35340503
194	15	07	10	17	16	47	00		26	24	23	24	26	28	33	38	43	46	48	48	46	43	40	37	34	32	30	28	24	22	20	19	18	18	18	17	17	16	-21	-47	-82	-66	-60	-46	-57	-69	-56	-58	-66	-41	-57	-86	-58	-60	-46	-48	-37	-38	-26	-11	-34	-13	-37	26	13	43	-24	65	124	135	130	106	89	67	61	16	43	44	52	45	40	49	44	38	62	53	75	85	81	56	13	44	54	-4	39	41	38	94	126	143	154	125	107	81	83	71	71	73	84	61	70	99	73	71	77	72	84	93	85	57	36	46	65	26	41	59	45	114	350.40	340.80	327.80	328.10	326.00	325.50	316.90	283.10	307.50	307.20	308.20	317.70	305.10	299.70	307.20	302.30	323.40	317.80	333.70	335.90	342.20	348.90	290.90	343.50	325.60	98.70	18.40	46.40	327.70	34.70	15.77723136	-160.35347502	15.73493913	-160.37198083
195	15	07	10	17	36	48	69		27	24	22	22	24	28	34	40	46	48	46	44	41	39	36	34	32	31	28	26	23	21	20	18	18	17	16	16	16	16	-21	-60	-26	-59	-59	-51	-35	-61	-59	-36	-60	-58	-49	-49	-45	-25	-24	-17	-12	16	1	-1	-26	-20	7	-28	-44	58	18	-52	113	114	128	75	67	36	13	4	13	24	27	34	45	45	56	41	38	63	69	85	85	52	44	34	72	23	41	47	-61	-61	115	129	131	95	89	62	37	61	60	43	66	67	67	67	72	48	45	65	70	86	85	52	51	39	72	36	60	75	64	80	349.50	332.20	348.50	321.80	318.60	305.20	290.40	273.80	282.40	303.70	294.20	300.40	312.60	312.60	321.20	328.60	327.70	344.90	350.10	10.70	0.70	358.90	329.40	329.50	5.60	309.40	313.00	51.00	163.60	220.40	15.73486947	-160.37201864	15.69228848	-160.39225297
196	15	07	10	17	56	50	39		25	22	22	26	32	38	44	47	48	47	44	42	40	38	36	34	31	29	26	24	22	20	19	18	18	17	17	16	16	15	-65	-39	-107	-62	-61	-67	-85	-70	-76	-45	-40	-39	-41	-29	-22	-2	12	10	-2	7	5	-5	15	-5	-26	22	46	-12	12	-115	89	92	47	0	-4	3	19	9	20	8	4	-1	15	15	30	26	35	45	61	70	36	36	39	39	70	45	17	-34	52	3	110	100	117	62	61	67	87	71	79	46	40	39	44	33	37	26	37	46	61	70	36	36	42	39	75	50	49	36	53	115	323.90	337.00	293.70	270.00	266.20	272.60	282.60	277.30	284.70	280.10	275.70	268.50	290.10	297.30	323.70	355.60	18.90	12.50	358.10	5.70	7.90	352.10	21.00	352.70	339.60	26.10	69.70	199.40	13.00	271.50	15.69222151	-160.39229413	15.64982417	-160.41177199
197	15	07	10	18	16	52	14		28	24	23	26	34	43	48	50	48	46	44	42	40	38	35	32	30	28	25	24	22	21	20	19	18	17	16	16	15	14	-46	-40	-23	-34	-22	-28	-37	-45	-42	-34	-25	-24	8	35	19	33	21	19	0	22	54	1	43	29	36	27	25	34	-10	61	36	15	-4	-47	-71	-43	-29	-23	-34	-18	-17	-25	-22	-6	8	16	46	50	24	49	23	65	60	27	87	34	64	83	18	-50	58	43	23	58	74	51	47	51	54	38	30	35	23	36	21	37	51	53	24	54	59	65	74	40	94	43	69	90	21	79	308.00	290.60	260.10	215.90	197.20	213.10	231.90	242.90	231.00	242.10	235.80	223.80	160.00	99.70	67.20	64.10	24.50	20.80	0.00	24.20	66.90	0.90	35.60	47.00	22.50	38.50	21.30	22.30	330.90	129.30	15.64974865	-160.41179831	15.61311797	-160.42194234
198	15	07	10	18	36	46	98		30	27	23	23	28	35	40	44	46	44	43	41	38	36	33	31	29	26	24	23	22	22	20	19	18	18	17	16	15	16	-78	-59	-80	-74	-59	-99	-102	-84	-65	-52	-45	-26	-29	-24	-23	-29	-20	-29	-24	7	8	10	20	-6	1	-4	-13	-2	43	47	77	73	66	6	-15	-12	-12	-8	-12	10	-2	14	0	25	39	39	60	53	40	57	59	41	24	98	40	40	65	11	66	-19	110	94	104	74	61	100	103	84	66	53	45	30	29	35	45	49	63	60	47	57	60	42	31	98	40	40	66	11	79	51	314.60	321.10	309.50	274.60	255.70	263.10	263.30	264.60	259.50	280.90	267.50	298.30	270.00	316.20	329.50	323.40	341.60	331.30	329.00	7.00	7.70	13.70	39.80	356.50	1.40	354.30	348.70	349.70	33.10	112.00	15.61304446	-160.42197620	15.57444069	-160.44333070
199	15	07	10	18	56	48	80		31	27	24	22	24	28	35	41	44	44	43	40	38	34	32	29	27	26	24	24	22	22	21	20	19	18	17	16	16	15	-97	-83	-44	-57	-90	-95	-119	-95	-89	-80	-57	-54	-48	-23	-32	-26	-4	-21	2	-14	-26	-17	-34	-2	0	2	29	23	28	-25	58	71	26	25	-8	-29	-32	-34	-20	-12	0	4	39	24	21	14	35	16	20	48	16	72	9	76	72	12	69	60	10	-43	113	109	51	62	90	99	123	101	91	81	57	54	62	33	38	30	35	26	20	50	31	74	35	76	72	12	75	64	30	50	300.90	310.50	300.60	293.70	264.90	253.00	254.90	250.30	257.30	261.50	270.00	274.20	309.10	316.20	303.30	298.30	353.50	307.30	5.70	343.70	301.60	346.70	284.80	358.50	0.00	9.50	22.80	21.00	70.30	210.20	15.57436718	-160.44334897	15.53425265	-160.46716447
200	15	07	10	19	16	50	86		30	29	26	22	22	23	28	34	39	42	42	41	39	37	34	32	31	28	26	24	23	22	20	20	18	18	17	16	16	14	-89	-93	-99	-108	-97	-116	-108	-121	-126	-106	-90	-69	-48	-50	-40	-61	-40	-37	-42	-28	-30	-41	-37	-60	8	-13	1	0	8	-78	10	24	34	29	-2	-16	-29	-60	-38	-25	-13	-18	3	3	-13	6	11	17	31	47	35	25	7	69	45	46	6	49	50	103	90	96	105	112	97	117	112	135	132	109	91	71	48	50	42	61	41	41	52	55	46	48	38	91	46	48	6	49	51	129	276.40	284.50	289.00	285.00	268.80	262.10	255.00	243.60	253.20	256.70	261.80	255.40	273.60	273.40	252.00	275.60	285.40	294.70	306.40	329.20	319.40	301.40	280.70	319.00	10.10	344.20	9.50	0.00	9.10	322.90	15.53414133	-160.46726916	15.49672351	-160.49652720
201	15	07	10	19	36	52	56		32	32	28	23	20	20	23	28	33	38	40	41	40	39	37	33	30	28	26	24	22	21	20	19	18	17	16	16	16	15	-100	-101	-112	-95	-103	-122	-126	-145	-159	-131	-100	-78	-49	-48	-31	-46	-9	-23	-59	-75	-31	-71	-50	-15	-37	-29	-68	-7	-71	-114	22	34	34	28	19	-22	-10	-37	-23	-32	-30	-15	4	-7	13	15	-10	11	22	22	22	42	51	3	-7	22	68	75	28	194	102	107	117	99	105	124	126	150	161	135	104	79	49	49	34	48	13	25	63	78	38	82	71	15	38	36	96	75	76	225	282.40	288.60	286.90	286.40	280.50	259.80	265.50	255.70	261.80	256.30	253.30	259.10	274.70	261.70	292.80	288.10	222.00	295.60	290.40	286.30	305.40	300.60	315.60	281.30	259.30	307.20	315.00	354.70	291.50	329.60	15.49666149	-160.49658269	15.46165346	-160.52824683
202	15	07	10	19	56	48	36		31	28	24	21	19	18	18	20	24	28	32	36	38	38	37	36	34	31	30	27	24	22	20	18	17	16	16	15	15	14	-38	-24	-39	-20	5	-13	-52	-52	-73	-55	-47	-41	-21	-4	19	-7	4	7	-1	1	5	6	-8	-58	2	-41	20	57	15	157	-13	18	18	-11	-32	-16	3	-47	-9	-26	-51	-28	-29	-16	1	-8	2	34	32	4	18	20	27	32	62	-13	-3	74	21	79	40	30	43	23	32	21	52	70	74	61	69	50	36	16	19	11	4	35	32	4	19	21	28	66	62	43	20	93	26	176	251.10	306.90	294.80	241.20	171.10	219.10	273.30	227.90	263.00	244.70	222.70	235.70	215.90	194.00	87.00	221.20	63.40	11.60	358.20	14.00	15.50	16.70	343.50	298.90	1.80	252.40	98.50	37.60	35.50	63.30	15.46157970	-160.52828053	15.42762252	-160.56063149
203	15	07	10	20	16	50	06		30	28	26	23	21	20	19	20	24	31	38	43	45	44	42	38	36	34	32	29	26	24	21	20	18	17	16	16	15	15	22	22	-7	-29	30	-27	-34	-72	-91	-121	-104	-76	-43	-42	-37	-13	-40	-26	-18	-21	-15	-9	-7	-15	-35	-67	-9	-16	-25	196	9	-23	-45	-12	-10	-9	-27	-35	-42	-55	-17	-28	-5	8	25	27	2	24	20	17	15	34	21	21	34	18	-2	138	149	-207	24	32	46	31	32	28	43	80	100	133	105	81	43	43	45	30	40	35	27	27	21	35	22	26	49	69	9	139	151	285	67.80	136.30	188.80	247.50	108.40	251.60	231.50	244.10	245.20	245.60	260.70	249.80	263.40	280.80	304.00	334.30	272.90	312.70	318.00	309.00	315.00	345.20	341.60	324.50	314.20	285.00	257.50	353.40	350.50	136.60	15.42759519	-160.56070584	15.39416037	-160.59361420
204	15	07	10	20	36	51	77		28	27	24	22	20	20	21	25	30	36	41	44	44	42	40	38	36	33	30	29	28	26	23	20	18	17	16	16	15	15	79	66	65	88	62	53	-47	-27	-34	-42	-32	-28	-5	21	17	12	36	34	6	27	29	49	29	-1	7	50	-42	27	-120	-47	-62	-51	-47	-53	-28	-65	-94	-96	-85	-55	-46	-23	-14	-13	-4	-16	-30	-21	-34	-15	-28	-10	16	28	46	18	4	-11	-3	89	100	83	80	103	68	84	105	100	92	69	56	36	15	25	17	20	47	40	35	31	40	50	33	28	47	53	42	29	120	101	128.10	127.70	125.90	121.10	114.30	140.80	206.60	195.70	201.80	217.40	214.80	230.60	199.70	121.80	103.20	143.10	129.80	121.70	170.00	119.10	134.00	101.50	61.10	358.00	8.70	70.20	275.40	112.20	268.60	332.20	15.39409717	-160.59366600	15.35956347	-160.62217017
205	15	07	10	20	56	46	56		26	27	26	22	21	22	28	37	42	45	46	46	44	40	36	33	31	29	27	25	23	22	20	19	18	17	16	16	15	14	48	47	55	41	35	29	-10	-3	-4	16	10	11	43	52	44	30	51	29	35	27	25	9	-11	11	-6	-41	12	19	112	223	-100	-105	-82	-93	-82	-103	-113	-113	-87	-70	-53	-52	-54	-57	-50	-40	-44	-42	-34	-6	-39	-7	-45	4	-39	32	3	127	83	52	111	115	99	102	89	107	113	113	87	72	54	53	69	77	67	50	67	51	49	28	46	11	46	12	39	52	12	128	139	229	154.40	155.90	146.10	156.20	156.90	164.30	185.10	181.50	182.60	167.10	169.30	168.10	141.50	137.60	138.70	143.10	130.80	145.40	134.20	102.50	147.30	127.90	193.70	70.00	188.70	308.00	76.00	8.50	53.50	76.90	15.35950430	-160.62221400	15.32479115	-160.64623847
206	15	07	10	21	16	48	27		25	26	24	22	20	23	32	42	48	50	49	48	44	40	35	33	30	28	27	25	24	22	21	20	19	18	16	16	15	15	16	-10	12	31	-4	-21	-29	-17	1	17	19	7	24	26	13	-1	30	44	24	15	32	30	4	-10	5	-10	45	103	-55	-15	-112	-108	-76	-68	-123	-101	-80	-74	-45	-41	-32	-32	-30	-21	-48	-40	-41	-58	-50	-12	-16	-3	-15	-7	18	11	-7	34	61	129	113	108	77	75	123	103	85	76	45	44	37	33	38	33	50	40	51	73	55	19	36	30	16	12	19	15	46	108	82	130	171.90	185.30	171.00	155.50	181.90	191.70	199.90	192.90	178.70	157.50	149.30	167.70	141.30	128.90	164.80	181.40	143.80	142.80	154.40	128.70	116.60	95.70	165.10	235.00	15.50	317.70	98.80	71.70	318.00	353.40	15.32472954	-160.64627585	15.28676832	-160.66691369
207	15	07	10	21	36	49	95		26	26	25	22	22	27	35	43	48	50	50	48	45	42	40	37	34	32	30	28	26	24	23	22	20	19	18	16	16	15	5	23	21	-19	0	-53	9	-1	9	18	27	13	45	36	37	0	1	42	32	28	55	34	27	41	36	-2	28	28	-65	19	-81	-61	-54	-67	-91	-112	-60	-82	-68	-50	-42	-18	-19	-31	-38	-27	-67	-46	-32	-29	-26	-39	-20	-45	-35	-17	43	30	18	44	81	65	58	70	91	124	61	82	69	53	50	22	49	48	53	27	67	62	45	40	61	52	34	61	50	17	51	41	67	48	176.50	159.30	158.70	195.80	180.00	205.30	171.50	180.70	172.50	160.20	147.30	144.20	112.90	130.70	135.80	180.00	179.10	137.60	135.00	136.00	115.30	138.90	126.50	137.70	134.20	186.70	33.10	43.00	285.50	23.40	15.28669733	-160.66695568	15.24331796	-160.68934802
208	15	07	10	21	56	51	66		27	27	26	23	22	25	32	39	44	46	47	45	43	40	38	35	33	31	29	27	25	24	22	21	19	18	18	16	16	15	-52	-54	-25	-5	-24	-87	-60	-57	-38	-21	-28	-19	-29	-27	-4	-11	-13	-21	9	-15	-11	-25	2	-2	-6	10	28	6	14	-124	-31	-10	-19	-2	-36	-13	-53	-17	-29	-17	-13	0	-13	-27	-22	-36	-40	-40	-22	-28	-34	-44	-20	-56	-36	-31	-6	-60	-19	-218	61	55	31	5	43	88	80	59	48	27	31	19	32	38	22	38	42	45	24	32	36	51	20	56	36	33	29	60	24	251	239.20	259.50	232.80	248.20	213.70	261.50	228.50	253.40	232.70	231.00	245.10	270.00	245.90	225.00	190.30	197.00	198.00	207.70	157.80	208.20	197.90	209.60	174.30	182.00	189.50	162.10	102.10	174.30	143.60	209.60	15.24325786	-160.68940468	15.20168848	-160.71563819
209	15	07	10	22	16	46	44		30	29	27	24	26	28	33	37	40	42	42	42	40	38	36	34	32	30	28	26	24	22	20	19	18	17	16	16	15	15	-21	-2	0	13	-43	-42	-33	-43	-35	-39	-29	-26	1	1	5	-8	-29	-34	-12	-27	-23	-33	-18	-48	16	65	28	-20	-76	-416	57	11	31	24	-3	-17	2	-9	-4	-3	18	4	-7	-14	-29	-27	-35	-56	-42	-17	-9	-19	-34	-27	-25	-40	-56	151	25	218	61	11	31	27	43	45	33	44	35	39	34	26	7	14	29	28	45	66	44	32	25	38	38	55	30	76	63	152	80	470	339.80	349.70	0.00	28.40	266.00	248.00	273.50	258.20	263.50	265.60	301.80	278.70	171.90	175.90	170.20	196.50	219.60	211.30	195.90	237.80	248.60	240.10	207.90	240.60	147.40	121.60	153.40	352.50	288.20	297.70	15.20162101	-160.71569335	15.15990051	-160.74325103
210	15	07	10	22	36	48	14		28	26	23	24	27	32	34	36	38	40	39	37	35	34	32	30	28	26	25	24	23	21	20	19	18	17	17	16	15	15	-77	-43	-68	-56	-77	-76	-79	-107	-104	-76	-81	-80	-71	-64	-44	-56	-74	-50	-75	-47	-53	-30	-54	-21	-37	-70	70	281	-30	-292	-28	-25	-29	-61	-75	-59	-37	-29	-25	-30	-39	-33	-52	-66	-61	-68	-52	-73	-41	-21	-34	-20	-35	3	-19	4	-82	51	152	-230	82	50	74	83	107	96	87	111	107	82	90	87	88	92	75	88	90	88	85	51	63	36	64	21	42	70	108	286	155	372	250.00	239.80	246.90	222.60	225.80	232.20	244.90	254.80	256.50	248.50	244.30	247.60	233.80	224.10	215.80	219.50	234.90	214.40	241.30	245.90	237.30	236.30	237.10	278.10	242.80	273.30	139.50	79.70	348.80	231.80	15.15982532	-160.74329068	15.11753434	-160.76962033
211	15	07	10	22	56	49	84		24	22	21	22	24	30	35	38	40	39	37	35	34	33	31	29	28	26	25	24	22	22	20	19	18	16	16	16	15	14	-98	-75	-40	-105	-122	-118	-98	-86	-106	-75	-80	-81	-91	-74	-68	-71	-82	-96	-51	-55	-46	-63	-49	-50	-12	-23	-22	-29	229	382	-34	-71	-81	-85	-91	-70	-41	-30	3	-37	-39	-56	-52	-59	-45	-16	-30	-54	-39	-38	-36	-14	-38	7	-58	3	-18	-84	-139	-356	104	103	90	135	152	137	106	91	106	84	89	98	105	95	82	73	87	110	64	67	58	65	62	50	59	23	28	89	268	522	250.90	226.60	206.30	231.00	233.30	239.30	247.30	250.80	271.60	243.70	244.00	235.30	240.30	231.40	236.50	257.30	249.90	240.60	232.60	235.40	232.00	257.50	232.20	278.00	191.70	277.40	230.70	199.00	121.30	133.00	15.11746419	-160.76967331	15.07654516	-160.79655181
212	15	07	10	23	16	51	55		23	21	20	21	26	32	38	41	41	39	36	34	32	32	31	29	27	26	25	23	22	20	19	18	17	16	15	15	14	14	-119	-127	-118	-175	-179	-160	-136	-146	-122	-126	-114	-120	-138	-127	-125	-112	-122	-113	-104	-118	-107	-94	-113	-64	-66	-46	44	-142	-151		-61	-74	-81	-107	-99	-104	-59	-56	-38	-49	-69	-58	-55	-45	-43	-7	-39	-27	-13	-50	-13	-29	-29	6	-38	-131	-252	157	-308		134	147	143	205	205	191	148	156	128	135	133	133	149	135	132	112	128	116	105	128	108	98	117	64	76	139	256	212	343		242.90	239.80	235.50	238.60	241.10	237.00	246.50	249.00	252.70	248.70	238.80	244.20	248.30	250.50	251.00	266.40	252.30	256.60	262.90	247.00	263.10	252.90	255.60	275.40	240.10	199.30	170.10	317.90	206.10		15.07647852	-160.79661048	15.03551851	-160.82248047
213	15	07	10	23	36	46	33		22	20	19	20	23	28	33	36	37	37	36	35	34	31	30	28	26	25	24	22	22	20	19	18	17	16	16	16	15	15	-52	-94	-110	-89	-154	-132	-167	-150	-128	-122	-126	-106	-113	-109	-119	-91	-109	-112	-113	-103	-99	-112	-86	-34	-109	-112	-87	-28	107		-40	-67	-85	-129	-150	-130	-67	-100	-102	-88	-72	-80	-82	-76	-36	-52	-53	-32	-34	-52	-19	-22	-74	-31	-76	-133	-15	-241	-632		66	115	139	157	215	185	180	180	164	150	145	133	140	133	124	105	121	116	118	115	101	114	113	46	133	174	88	243	641		232.40	234.50	232.30	214.60	225.80	225.40	248.10	236.30	231.40	234.20	240.30	233.00	234.00	235.10	253.20	240.30	244.10	254.10	253.30	243.20	259.10	258.90	229.30	227.60	235.10	220.10	260.20	186.60	170.40		15.03543930	-160.82251182	14.99285135	-160.84947799
214	15	07	10	23	56	48	02		23	20	19	19	21	25	30	33	34	35	35	35	33	31	29	27	26	26	25	24	22	21	20	19	18	17	16	16	16	15	-33	-81	-86	-138	-135	-134	-151	-153	-111	-132	-111	-129	-104	-89	-99	-114	-105	-69	-102	-92	-87	-81	-148	-73	-61	8	-119	-6	114		-29	-71	-103	-106	-145	-98	-79	-69	-78	-47	-70	-29	-35	-26	-33	-13	-43	-40	-7	10	-7	-45	34	-39	15	-31	-60	221	-310		44	108	134	174	198	166	170	168	136	140	131	132	110	93	104	115	113	80	102	93	87	93	152	83	63	32	133	221	330		228.70	228.80	219.90	232.50	223.00	233.80	242.40	245.70	234.90	250.40	237.80	257.30	251.40	253.70	251.60	263.50	247.70	239.90	266.10	276.20	265.40	240.90	282.90	241.90	283.80	165.50	243.20	358.40	159.80		14.99277583	-160.84951865	14.95016618	-160.87873519
215	15	07	11	00	16	49	80		21	20	19	20	22	26	30	32	32	32	33	34	33	31	29	29	28	28	26	24	22	21	20	18	18	17	16	16	16	15	-59	-48	-102	-123	-124	-176	-167	-157	-141	-129	-112	-99	-83	-86	-88	-85	-77	-98	-94	-98	-93	-101	-48	-98	-132	-95	-7	107			-63	-51	-123	-119	-123	-82	-97	-99	-69	-76	-82	-56	-38	-55	-46	-39	-19	-24	-16	-17	-48	0	-37	-16	-34	-45	-90	-106			86	70	160	171	175	194	193	186	157	150	139	114	91	102	99	94	79	101	95	99	105	101	61	99	136	105	90	151			223.10	223.30	219.70	225.90	225.20	245.00	239.90	237.80	243.90	239.50	233.80	240.50	245.40	237.40	242.40	245.40	256.10	256.20	260.30	260.20	242.70	270.00	232.40	260.70	255.60	244.70	184.40	134.70			14.95008881	-160.87878213	14.90861985	-160.91115614
216	15	07	11	00	36	51	61		21	21	22	25	27	30	34	36	37	38	37	36	34	32	30	28	27	25	24	22	21	20	19	18	18	17	17	16	15	15	-72	-67	-126	-96	-71	-98	-87	-87	-84	-100	-88	-75	-78	-78	-79	-78	-60	-82	-81	-93	-91	-62	-107	-26	-12	-2	-230	-331			-83	-99	-142	-115	-104	-91	-76	-51	-36	-32	-33	-32	-12	-1	-4	6	6	-8	5	12	-8	-5	-30	-25	-42	-75	-66	33			110	120	190	150	126	134	116	101	91	105	94	82	79	78	79	78	60	82	81	94	91	62	111	36	44	75	239	333			220.90	214.10	221.60	219.90	214.30	227.10	228.90	239.60	246.80	252.30	249.40	246.90	261.30	269.30	267.10	274.40	275.70	264.40	273.50	277.40	265.00	265.40	254.30	226.10	195.90	181.50	254.00	275.70			14.90856570	-160.91122085	14.86677387	-160.94130853
217	15	07	11	00	56	46	41		23	22	24	26	28	31	34	37	39	40	39	37	35	32	30	28	27	26	25	23	21	20	19	18	18	16	16	15	15	15	-115	-107	-106	-101	-114	-112	-98	-86	-85	-73	-84	-79	-83	-80	-94	-107	-101	-82	-75	-79	-80	-104	-91	-146	-6	-72	-215	-639	208		-61	-46	-94	-92	-72	-84	-89	-62	-47	-18	-7	19	28	28	14	12	16	14	-8	25	-17	22	9	20	41	-98	-74	-231	-153		130	116	142	137	135	140	132	106	97	75	84	81	88	85	95	108	102	83	75	83	82	106	91	147	41	122	227	679	258		242.10	246.70	228.40	227.70	237.70	233.10	227.80	234.20	241.10	256.10	265.20	283.50	288.60	289.30	278.50	276.40	279.00	279.70	263.90	287.60	258.00	281.90	275.60	277.80	351.70	216.30	251.00	250.10	126.30		14.86661763	-160.94138833	14.82663847	-160.97095834
218	15	07	11	01	16	48	17		20	21	22	25	27	30	33	36	38	38	37	36	34	33	31	29	26	24	23	22	21	20	18	18	17	17	17	16	16	15	-141	-138	-100	-103	-67	-85	-83	-58	-51	-60	-33	-33	-70	-65	-79	-94	-72	-63	-58	-58	-74	-40	-37	-42	-116	25	-112	-118	155	935	-105	-89	-107	-92	-86	-106	-94	-86	-48	-39	-36	-8	23	24	15	26	34	9	-10	0	0	15	-15	47	26	-14	119	110	71	311	176	164	146	138	109	136	125	104	70	72	49	34	74	69	80	98	80	64	59	58	74	43	40	63	119	29	163	161	170	985	233.30	237.20	223.10	228.20	217.90	218.70	221.40	214.00	226.70	237.00	222.50	256.40	288.20	290.30	280.80	285.50	295.30	278.10	260.20	270.00	270.00	290.60	247.90	318.20	282.60	119.20	316.70	313.00	65.40	71.60	14.82655783	-160.97097896	14.78450415	-160.99935363
219	15	07	11	01	36	49	86		23	22	22	24	26	28	31	34	36	35	35	33	32	30	28	27	26	24	23	22	21	20	20	19	18	18	17	16	15	15	-136	-111	-148	-126	-102	-113	-120	-96	-91	-56	-61	-55	-45	-78	-88	-92	-70	-79	-49	-83	-74	-77	-41	-72	-105	-54	13	-114	112	29	-46	-79	-61	-89	-93	-67	-103	-100	-88	-57	-70	-59	-44	-37	-9	-28	-10	-35	0	-16	9	11	-26	8	25	1	-64	-187	86	172	144	136	160	154	138	131	158	139	127	80	93	81	63	86	88	96	71	86	49	85	75	78	49	72	108	54	65	219	141	174	251.30	234.60	247.60	234.80	227.60	239.30	229.40	223.80	226.00	224.50	221.10	223.00	225.60	244.60	264.20	253.10	261.90	246.10	270.00	259.10	276.90	278.10	237.60	276.30	283.40	271.10	168.50	211.40	52.50	9.60	14.78443081	-160.99939571	14.74246463	-161.03028880
220	15	07	11	01	56	51	56		26	26	28	30	32	33	34	35	36	36	36	35	33	31	29	27	26	25	23	22	22	20	19	18	17	17	17	16	16	15	-93	-119	-115	-100	-89	-96	-68	-76	-77	-58	-55	-37	-41	-45	-58	-58	-54	-68	-41	-68	-58	-83	-44	-79	-7	-117	-161	-141	39	-533	-57	-50	-67	-56	-46	-43	-78	-56	-85	-79	-50	-57	-82	-56	-51	-39	-19	-22	7	-11	-15	-11	-22	-72	-35	90	-2	105	-270	237	109	129	133	115	100	105	103	94	115	98	74	68	92	72	77	70	57	71	42	69	60	84	49	107	36	148	161	176	273	583	238.50	247.20	239.80	240.80	242.70	245.90	221.10	233.60	222.20	216.30	227.70	213.00	206.60	218.80	228.70	236.10	250.60	252.10	279.70	260.80	255.50	262.50	243.40	227.70	191.30	307.60	269.30	306.70	171.80	294.00	14.74239849	-161.03035016	14.70076919	-161.06142120
221	15	07	11	02	16	46	42		27	28	30	32	33	33	33	34	36	36	36	36	34	32	30	29	28	27	25	23	21	20	19	19	18	18	16	16	15	15	-143	-149	-189	-163	-144	-134	-130	-120	-130	-122	-87	-95	-75	-79	-70	-89	-71	-69	-101	-71	-63	-79	-115	-52	-77	-30	-46	-2		-293	-70	-56	-53	-61	-54	-75	-94	-98	-95	-94	-92	-65	-83	-51	-60	-54	-87	-62	-47	-1	-41	-50	-33	-31	0	-48	-76	-129		378	159	159	196	174	154	154	160	155	161	154	127	115	112	94	92	104	112	93	111	71	75	93	120	61	77	57	89	129		478	243.90	249.40	254.30	249.50	249.40	240.80	234.10	230.80	233.80	232.40	223.40	235.60	222.10	237.20	229.40	238.80	219.20	228.10	245.00	269.20	236.90	237.70	254.00	239.20	270.00	212.00	211.20	180.90		322.20	14.70072334	-161.06150033	14.65949435	-161.09324813
222	15	07	11	02	36	48	11		30	30	31	32	33	34	34	34	34	35	36	34	33	32	32	30	29	28	26	24	21	20	20	19	18	17	16	16	15	15	-89	-108	-115	-137	-126	-106	-96	-89	-98	-91	-84	-62	-72	-93	-99	-81	-92	-76	-75	-90	-57	-110	-130	-84	-80	-29	-26	-240	583		-52	-37	-44	-39	-41	-61	-58	-63	-64	-65	-53	-58	-94	-84	-88	-86	-83	-62	-50	-45	-57	-56	-10	-36	-20	22	4	-152	-132		103	114	123	142	133	122	112	109	117	112	99	85	118	125	132	118	124	98	90	101	81	123	130	91	82	36	26	284	598		239.70	251.10	249.10	254.10	252.00	240.10	238.90	234.70	236.90	234.50	237.80	226.90	217.50	227.90	228.40	223.30	227.90	230.80	236.30	243.40	225.00	243.00	265.60	246.80	256.00	307.20	278.70	237.70	102.80		14.65942604	-161.09330613	14.62589264	-161.13020369
223	15	07	11	02	56	49	86		29	29	30	33	34	34	33	32	31	31	31	31	31	31	30	30	29	28	25	24	22	20	20	19	18	18	18	18	17	16	-39	-78	-71	-101	-77	-58	-50	-37	-61	-55	-38	-52	-29	-36	-31	-14	-42	-44	-51	-44	-29	-76	-20	-25	-58	-30	-28	-123	34	65	-44	-16	-16	-25	-20	-18	2	-18	-29	-44	-58	-45	-51	-66	-55	-39	-58	-51	-21	-42	3	-31	-21	-36	14	-68	59	42	155	219	59	80	73	104	80	61	50	41	68	70	69	69	59	75	63	41	72	67	55	61	29	82	29	44	60	74	65	130	159	228	221.60	258.40	257.30	256.10	255.40	252.80	272.30	244.10	244.60	231.30	213.20	229.10	209.60	208.60	209.40	199.70	215.90	220.80	247.60	226.30	275.90	247.80	223.60	214.80	283.60	203.80	334.60	288.90	12.40	16.50	14.62581720	-161.13025147	14.58441831	-161.16147783
224	15	07	11	03	16	51	55		31	32	34	36	36	36	34	33	32	32	33	33	33	33	32	30	28	25	22	21	20	20	20	20	20	20	19	18	16	16	-124	-154	-156	-155	-158	-123	-130	-118	-104	-121	-101	-108	-93	-74	-89	-94	-88	-93	-79	-125	-114	-78	-106	-100	-98	-36	-50	-25	-78		-47	-65	-86	-78	-65	-61	-45	-72	-36	-57	-61	-69	-45	-80	-66	-69	-62	-40	-42	-40	-64	-52	-41	-29	-4	-4	30	-74	26		133	167	178	174	171	137	138	138	110	134	118	128	103	109	111	117	108	101	89	131	131	94	114	104	98	36	58	78	82		249.20	247.10	241.10	243.30	247.60	243.60	250.90	238.60	250.90	244.80	238.90	237.40	244.20	222.80	233.40	233.70	234.80	246.70	242.00	252.30	240.70	236.30	248.90	253.80	267.70	263.70	301.00	198.70	288.40		14.58434480	-161.16152753	14.54413899	-161.19316896
225	15	07	11	03	36	46	47		33	36	36	36	35	33	32	31	30	31	32	34	34	34	33	32	28	25	23	22	21	22	22	21	21	20	18	17	16	15	-170	-152	-172	-153	-134	-171	-173	-188	-181	-175	-165	-145	-147	-157	-128	-134	-114	-114	-153	-140	-151	-110	-128	-135	-85	-100	-83	-259		30	-51	-55	-46	-50	-36	-56	-55	-44	-61	-48	-47	-73	-52	-40	-14	-18	-7	-13	-1	3	-3	15	30	17	25	73	106	28		-81	177	162	178	161	139	180	182	193	191	181	172	162	156	162	129	135	114	115	153	140	151	111	131	136	89	124	135	261		86	253.30	250.10	255.00	251.90	255.00	251.90	252.40	256.80	251.40	254.70	254.10	243.30	250.50	255.70	263.80	262.30	266.50	263.50	269.60	271.20	268.90	277.80	283.20	277.20	286.40	306.10	321.90	276.20		159.70	14.54407135	-161.19322781	14.50390167	-161.22541482
226	15	07	11	03	56	48	19		33	34	35	35	34	33	32	32	34	34	34	35	34	33	32	31	29	27	25	24	23	22	22	21	20	18	17	16	15	15	-167	-159	-144	-147	-157	-160	-176	-176	-184	-205	-177	-173	-167	-167	-179	-159	-156	-153	-156	-168	-164	-142	-190	-159	-145	-102	-139	-217	64		-41	-54	-8	-25	-16	-53	-21	-38	-42	-55	-50	-27	-12	-6	-15	-15	24	14	19	32	37	-5	52	21	29	63	70	25	188		172	168	144	149	158	169	177	180	189	212	184	175	167	167	180	160	158	154	157	171	168	142	197	160	148	120	156	218	199		256.20	251.20	266.80	260.30	264.20	251.70	263.20	257.80	257.10	255.00	254.20	261.10	265.90	267.90	265.20	264.60	278.70	275.20	276.90	280.80	282.70	268.00	285.30	277.50	281.30	301.70	296.70	276.60	18.80		14.50375264	-161.22550568	14.46050487	-161.25086613
227	15	07	11	04	16	49	89		35	36	37	37	36	34	31	28	27	27	28	28	29	30	30	30	30	28	26	24	22	20	19	18	16	16	16	16	16	15	-212	-179	-189	-165	-149	-121	-151	-153	-175	-206	-205	-197	-183	-195	-213	-208	-221	-216	-218	-183	-210	-203	-190	-191	-148	-240	-445	291			-31	-5	-9	21	9	12	3	-1	-61	-57	-48	-59	-51	-34	-23	16	25	9	2	30	43	44	13	79	40	-84	769	-162			214	179	189	166	149	122	151	153	185	214	211	206	190	198	214	209	222	216	218	185	214	208	190	207	153	254	888	333			261.70	268.40	267.30	277.30	273.50	275.70	271.10	269.60	250.80	254.50	256.80	253.30	254.40	260.10	263.80	274.40	276.50	272.40	270.50	279.30	281.60	282.20	273.90	292.50	285.10	250.70	329.90	119.10			14.46043831	-161.25091466	14.41566252	-161.27441701
228	15	07	11	04	36	51	61		38	39	37	34	32	30	30	29	29	30	32	33	33	33	32	31	29	27	26	24	22	20	19	18	17	16	15	14	14	14	-153	-150	-116	-133	-154	-127	-140	-153	-155	-161	-177	-176	-180	-192	-184	-158	-155	-168	-161	-154	-142	-145	-123	-136	-86	-262	-645				-44	-14	10	2	-22	-17	-6	-37	-45	-41	-53	-35	-37	-30	-13	20	32	3	35	31	24	87	21	139	-72	189	43				159	151	116	133	156	128	140	157	161	166	185	179	184	194	184	159	158	168	165	157	144	169	125	194	112	323	646				254.00	264.70	274.90	270.90	261.90	262.40	267.50	256.40	253.80	255.70	253.30	258.80	258.40	261.10	266.00	277.20	281.70	271.00	282.30	281.40	279.60	301.00	279.70	315.60	230.10	305.80	273.80				14.41560418	-161.27447586	14.37561052	-161.29676820
229	15	07	11	04	56	46	45		39	37	34	32	32	32	33	34	34	35	35	35	34	32	31	30	28	26	24	21	20	18	18	16	16	14	14	14	14	14	-158	-148	-153	-177	-194	-199	-180	-189	-200	-224	-231	-217	-211	-211	-216	-206	-196	-199	-213	-158	-201	-200	-275	-244	-418						30	14	-15	-41	-30	-17	-10	-35	-33	-35	-4	-27	-3	-4	-11	18	40	42	63	75	75	78	6	36	299						161	149	154	182	196	200	180	192	203	227	231	219	211	211	216	207	200	203	222	175	215	215	275	247	514						280.80	275.40	264.40	257.00	261.20	265.10	266.80	259.50	260.60	261.10	269.00	262.90	269.20	268.90	267.10	275.00	281.50	281.90	286.50	295.40	290.50	291.30	271.20	278.40	305.60						14.37553181	-161.29680181	14.32881435	-161.32009017
230	15	07	11	05	16	49	17		41	38	36	36	36	36	36	37	36	36	36	36	36	34	32	29	28	25	23	21	19	18	16	15	14	14	14	15	15	15	-149	-165	-191	-208	-197	-171	-212	-197	-177	-182	-178	-187	-177	-161	-169	-193	-194	-200	-178	-169	-135	-176	47								15	-12	11	-12	-27	7	-25	-16	2	-12	-3	-5	-15	-11	-9	-4	6	38	43	45	94	18	54								150	165	191	208	199	171	213	198	177	182	178	187	178	161	169	193	194	204	183	175	165	177	72								275.70	265.80	273.30	266.70	262.20	272.30	263.30	265.40	270.60	266.20	269.00	268.50	265.20	266.10	267.00	268.80	271.80	280.80	283.60	284.90	304.80	275.80	41.00								14.32873582	-161.32012714	14.28358351	-161.33609718
231	15	07	11	05	36	51	44		40	38	37	38	38	38	38	36	36	36	36	35	34	31	28	26	24	22	21	20	18	18	16	16	16	16	15	15	14	14	-141	-160	-213	-190	-172	-151	-142	-164	-181	-178	-158	-148	-147	-155	-173	-181	-176	-207	-197	-153	-185	-199	-144								39	39	53	22	22	45	23	4	-5	-18	-23	-12	-18	-20	1	14	72	17	74	90	113	188	228								146	165	219	191	173	158	144	164	181	179	160	148	148	156	173	182	190	208	210	178	217	274	270								285.50	283.70	284.00	276.60	277.30	286.60	279.20	271.40	268.40	264.20	261.70	265.40	263.00	262.60	270.30	274.40	292.20	274.70	290.60	300.50	301.40	313.40	327.70								14.28350598	-161.33613297	14.23507953	-161.35982517
232	15	07	11	05	56	53	14		38	38	38	37	37	37	36	35	34	35	35	33	31	28	26	24	23	21	20	19	18	18	17	16	16	15	14	14	14	15	-195	-198	-207	-173	-164	-150	-141	-145	-150	-171	-151	-149	-152	-160	-162	-183	-185	-171	-181	-180	-152	-181									34	29	54	44	35	23	-19	-27	-51	-58	-39	-52	-37	-31	-14	17	9	31	50	64	147	-15									198	200	214	179	168	152	142	147	158	181	156	158	156	163	163	184	185	174	188	191	211	182									279.90	278.30	284.60	284.30	282.00	278.70	262.30	259.50	251.20	251.30	255.50	250.80	256.30	259.00	265.10	275.30	272.80	280.30	285.40	289.60	314.00	265.30									14.23499546	-161.35986733	14.18591900	-161.38348066
233	15	07	11	06	16	47	92		32	32	33	35	37	38	38	38	37	36	34	33	30	28	25	23	21	20	20	18	18	16	16	15	14	14	14	14	14	14	-193	-188	-183	-142	-123	-105	-115	-103	-99	-92	-138	-132	-108	-124	-154	-167	-155	-161	-175	-247	-124	-45	-58								-47	-18	-25	-25	-13	-6	-29	-36	-49	-71	-71	-53	-75	-55	-66	-30	-9	-3	3	49	114	92	-8								199	189	185	144	124	105	119	109	110	116	155	142	131	136	168	170	155	161	175	252	168	102	59								256.30	264.50	262.20	260.00	264.00	266.70	255.80	250.70	243.70	232.30	242.80	248.10	235.20	246.10	246.80	259.80	266.70	268.90	271.00	281.20	312.60	333.90	262.10								14.18584113	-161.38352148	14.13701051	-161.40987301
234	15	07	11	06	36	49	63		31	30	32	35	38	40	40	39	39	39	36	31	27	24	23	22	21	20	19	18	16	16	16	15	14	14	14	14	15	15	-168	-158	-154	-152	-124	-103	-114	-109	-114	-81	-78	-119	-169	-168	-218	-186	-208	-150	-215	-187	-295	-141	-101								-125	-105	-99	-81	-46	-66	-52	-76	-75	-90	-72	-73	-86	-69	-91	-38	-31	-8	3	-20	-212	398	-563								209	190	183	172	132	122	125	133	136	121	106	140	190	182	236	190	210	150	215	188	363	422	572								233.30	236.40	237.30	241.90	249.60	237.30	245.50	235.10	236.70	222.00	227.30	238.50	243.00	247.70	247.30	258.50	261.50	266.90	270.80	263.90	234.30	340.50	190.20								14.13693180	-161.40992934	14.08936165	-161.43891899
235	15	07	11	06	56	51	31		28	28	28	29	31	33	33	33	33	33	33	32	29	25	22	20	20	19	18	18	17	16	16	16	16	16	15	14	14	14	-175	-198	-196	-197	-173	-169	-150	-140	-138	-130	-120	-111	-114	-147	-169	-188	-196	-178	-203	-160	-161	-445									-70	-54	-63	-59	-40	-46	-68	-91	-87	-95	-82	-87	-78	-86	-79	-57	-46	7	19	45	-54	267									188	205	206	206	178	175	165	167	163	161	145	141	138	170	187	196	201	178	204	166	170	519									248.20	254.70	252.20	253.30	257.00	254.80	245.60	237.00	237.80	233.80	235.70	231.90	235.60	239.70	244.90	253.10	256.80	272.30	275.30	285.70	251.50	301.00									14.08928781	-161.43897263	14.04483053	-161.47064399
236	15	07	11	07	16	53	02		30	30	30	31	32	31	31	31	33	34	34	32	29	26	24	21	20	19	18	18	16	16	16	16	15	14	14	14	14	14	-248	-256	-247	-216	-190	-207	-222	-180	-182	-171	-172	-161	-162	-190	-203	-220	-208	-235	-241	-376	-209	-491									-86	-110	-97	-74	-81	-94	-86	-118	-106	-106	-104	-71	-67	-72	-79	-28	-14	-23	-21	-5	-162	132									262	279	265	228	207	227	238	215	211	201	201	176	175	203	218	222	208	236	242	376	264	508									250.90	246.70	248.60	251.10	246.90	245.60	248.80	236.80	239.80	238.20	238.80	246.20	247.50	249.20	248.70	262.70	266.10	264.40	265.00	269.20	232.20	285.00									14.04478619	-161.47071968	13.99801986	-161.49281085
237	15	07	11	07	36	47	80		27	26	27	30	32	33	34	32	32	33	34	33	30	29	26	24	22	21	20	19	18	16	16	15	14	14	14	14	14	14	-202	-243	-249	-252	-200	-163	-173	-177	-180	-196	-156	-164	-171	-190	-199	-221	-241	-245	-291	-299	-320	-318									-90	-67	-84	-69	-54	-71	-52	-78	-50	-81	-60	-36	-29	-37	-25	-63	-25	-21	-19	126	-43	-27									221	252	263	261	207	178	181	193	187	212	167	168	173	194	201	230	242	246	292	324	323	319									246.00	254.60	251.40	254.70	254.90	246.50	253.30	246.20	254.50	247.50	249.00	257.60	260.40	259.00	262.80	254.10	264.10	265.10	266.30	292.90	262.30	265.10									13.99794317	-161.49285503	13.95048852	-161.51444086
238	15	07	11	07	56	49	50		26	23	24	27	30	32	33	33	34	34	34	32	30	28	26	24	22	20	19	18	17	16	15	15	15	15	15	15	15	15	-195	-237	-297	-224	-197	-196	-180	-192	-188	-181	-148	-179	-167	-178	-180	-204	-215	-203	-258	-209	-186	-190	77								39	-2	-39	-49	-45	-49	-24	-25	-39	-32	-30	-15	-16	-4	-19	-2	15	39	-15	57	64	64	74								199	237	300	229	202	202	182	194	192	184	151	180	168	178	181	204	216	207	258	217	197	200	107								281.30	269.50	262.50	257.70	257.10	256.00	262.40	262.60	258.30	260.00	258.50	265.20	264.50	268.70	264.00	269.40	274.00	280.90	266.70	285.30	289.00	288.60	46.10								13.95041283	-161.51447749	13.90300387	-161.53374631
239	15	07	11	08	16	51	20		29	26	24	25	28	32	34	35	36	35	35	32	30	26	24	22	21	19	18	17	16	16	16	16	15	15	14	14	14	14	-243	-249	-278	-261	-275	-260	-232	-249	-238	-226	-241	-219	-226	-274	-253	-253	-230	-228	-227	-214	-291	-14	-525								19	-26	-8	-24	-76	-68	-43	-40	-38	-22	-8	0	10	11	8	-16	-24	2	30	8	-47	180	43								244	250	278	262	285	269	236	252	241	227	241	219	226	274	253	254	231	228	229	214	295	181	527								274.50	264.00	268.40	264.70	254.60	255.30	259.50	260.90	260.90	264.40	268.10	270.00	272.50	272.30	271.80	266.40	264.00	270.50	277.50	272.10	260.80	355.60	274.70								13.90293337	-161.53378998	13.86049169	-161.56028937
240	15	07	11	08	36	52	89		29	26	25	25	28	30	34	34	35	35	35	34	31	29	26	24	22	19	18	18	17	16	16	15	14	14	14	14	14	14	-244	-233	-237	-234	-199	-224	-183	-178	-228	-209	-241	-237	-229	-225	-214	-212	-181	-236	-238	-228	-323	-255									-11	0	-53	-62	-76	-58	-56	-49	-55	-45	-22	-13	-9	-27	3	3	17	33	61	-46	18	-35									244	233	243	242	213	231	191	185	235	214	242	237	229	227	214	212	182	238	246	233	324	257									267.40	270.00	257.40	255.20	249.10	255.50	253.00	254.60	256.40	257.80	264.80	266.90	267.70	263.20	270.80	270.80	275.40	278.00	284.40	258.60	273.20	262.20									13.86041449	-161.56030982	13.81675685	-161.57570863
241	15	07	11	08	56	47	70		28	27	26	27	30	33	34	34	34	34	32	30	28	26	25	23	21	20	18	17	16	16	15	15	14	14	14	15	15	15	-222	-208	-210	-196	-198	-182	-161	-199	-196	-210	-222	-181	-194	-191	-180	-191	-189	-199	-171	-217	-235	-289	-671								-47	-34	-43	-59	-68	-78	-72	-61	-60	-50	-27	-32	-40	-24	-10	-6	49	-58	-56	-24	-71	-69	299								227	211	214	205	209	198	176	208	205	216	224	184	198	193	180	191	195	207	180	218	245	297	735								258.00	260.70	258.40	253.20	251.00	246.80	245.90	253.00	253.00	256.60	263.10	260.00	258.30	262.80	266.80	268.20	284.50	253.80	251.90	263.70	253.20	256.60	294.00								13.81667370	-161.57572263	13.77450602	-161.59990484
242	15	07	11	09	16	49	39		28	28	26	26	27	30	33	36	37	37	34	32	29	27	25	23	21	19	18	17	16	16	15	15	15	15	15	15	14	14	-230	-227	-232	-239	-248	-230	-226	-221	-219	-212	-191	-184	-183	-185	-211	-198	-202	-274	-215	-236	-260	-124		-391							-33	-42	-11	-65	-59	-82	-51	-46	-22	-32	-19	-45	-47	-55	-63	-37	-51	-38	1	-8	-112	-178		-362							232	231	232	248	255	244	232	226	220	214	192	189	189	193	220	201	208	277	215	236	283	217		533							261.80	259.50	267.30	254.80	256.60	250.40	257.30	258.20	264.30	261.40	264.30	256.30	255.60	253.40	253.40	259.40	255.80	262.10	270.30	268.10	246.70	214.90		227.20							13.77443117	-161.59993485	13.73141952	-161.62674252
