"Series Data"
"E:\S261\Data\ADCP\S261001_000000.LTA"
"Broadband 76.8 kHz"
"Pings/Ens ="	174
"Time/Ping = 00:02.00"
"First Ensemble Date = 15/07/10"
"First Ensemble Time = 09:36:47.77"
"Ensemble Interval (s) = "	1200.01
"1st Bin Range (m) = "	18.69
"Bin Size (m) ="	10.00


Ens	YR	MO	DA	HH	MM	SS	HH		"EAA"	"EAA"	"EAA"	"EAA"	"EAA"	"EAA"	"EAA"	"EAA"	"EAA"	"EAA"	"EAA"	"EAA"	"EAA"	"EAA"	"EAA"	"EAA"	"EAA"	"EAA"	"EAA"	"EAA"	"EAA"	"EAA"	"EAA"	"EAA"	"EAA"	"EAA"	"EAA"	"EAA"	"EAA"	"EAA"	"Eas"	"Eas"	"Eas"	"Eas"	"Eas"	"Eas"	"Eas"	"Eas"	"Eas"	"Eas"	"Eas"	"Eas"	"Eas"	"Eas"	"Eas"	"Eas"	"Eas"	"Eas"	"Eas"	"Eas"	"Eas"	"Eas"	"Eas"	"Eas"	"Eas"	"Eas"	"Eas"	"Eas"	"Eas"	"Eas"	"Nor"	"Nor"	"Nor"	"Nor"	"Nor"	"Nor"	"Nor"	"Nor"	"Nor"	"Nor"	"Nor"	"Nor"	"Nor"	"Nor"	"Nor"	"Nor"	"Nor"	"Nor"	"Nor"	"Nor"	"Nor"	"Nor"	"Nor"	"Nor"	"Nor"	"Nor"	"Nor"	"Nor"	"Nor"	"Nor"	"Mag"	"Mag"	"Mag"	"Mag"	"Mag"	"Mag"	"Mag"	"Mag"	"Mag"	"Mag"	"Mag"	"Mag"	"Mag"	"Mag"	"Mag"	"Mag"	"Mag"	"Mag"	"Mag"	"Mag"	"Mag"	"Mag"	"Mag"	"Mag"	"Mag"	"Mag"	"Mag"	"Mag"	"Mag"	"Mag"	"Dir"	"Dir"	"Dir"	"Dir"	"Dir"	"Dir"	"Dir"	"Dir"	"Dir"	"Dir"	"Dir"	"Dir"	"Dir"	"Dir"	"Dir"	"Dir"	"Dir"	"Dir"	"Dir"	"Dir"	"Dir"	"Dir"	"Dir"	"Dir"	"Dir"	"Dir"	"Dir"	"Dir"	"Dir"	"Dir"	    "FLat"	    "FLon"	    "LLat"	    "LLon"
									"cnt"	"cnt"	"cnt"	"cnt"	"cnt"	"cnt"	"cnt"	"cnt"	"cnt"	"cnt"	"cnt"	"cnt"	"cnt"	"cnt"	"cnt"	"cnt"	"cnt"	"cnt"	"cnt"	"cnt"	"cnt"	"cnt"	"cnt"	"cnt"	"cnt"	"cnt"	"cnt"	"cnt"	"cnt"	"cnt"	"mm/s"	"mm/s"	"mm/s"	"mm/s"	"mm/s"	"mm/s"	"mm/s"	"mm/s"	"mm/s"	"mm/s"	"mm/s"	"mm/s"	"mm/s"	"mm/s"	"mm/s"	"mm/s"	"mm/s"	"mm/s"	"mm/s"	"mm/s"	"mm/s"	"mm/s"	"mm/s"	"mm/s"	"mm/s"	"mm/s"	"mm/s"	"mm/s"	"mm/s"	"mm/s"	"mm/s"	"mm/s"	"mm/s"	"mm/s"	"mm/s"	"mm/s"	"mm/s"	"mm/s"	"mm/s"	"mm/s"	"mm/s"	"mm/s"	"mm/s"	"mm/s"	"mm/s"	"mm/s"	"mm/s"	"mm/s"	"mm/s"	"mm/s"	"mm/s"	"mm/s"	"mm/s"	"mm/s"	"mm/s"	"mm/s"	"mm/s"	"mm/s"	"mm/s"	"mm/s"	"mm/s"	"mm/s"	"mm/s"	"mm/s"	"mm/s"	"mm/s"	"mm/s"	"mm/s"	"mm/s"	"mm/s"	"mm/s"	"mm/s"	"mm/s"	"mm/s"	"mm/s"	"mm/s"	"mm/s"	"mm/s"	"mm/s"	"mm/s"	"mm/s"	"mm/s"	"mm/s"	"mm/s"	"mm/s"	"mm/s"	"mm/s"	"mm/s"	"mm/s"	"mm/s"	"deg"	"deg"	"deg"	"deg"	"deg"	"deg"	"deg"	"deg"	"deg"	"deg"	"deg"	"deg"	"deg"	"deg"	"deg"	"deg"	"deg"	"deg"	"deg"	"deg"	"deg"	"deg"	"deg"	"deg"	"deg"	"deg"	"deg"	"deg"	"deg"	"deg"	     "deg"	     "deg"	     "deg"	     "deg"
									1	2	3	4	5	6	7	8	9	10	11	12	13	14	15	16	17	18	19	20	21	22	23	24	25	26	27	28	29	30	1	2	3	4	5	6	7	8	9	10	11	12	13	14	15	16	17	18	19	20	21	22	23	24	25	26	27	28	29	30	1	2	3	4	5	6	7	8	9	10	11	12	13	14	15	16	17	18	19	20	21	22	23	24	25	26	27	28	29	30	1	2	3	4	5	6	7	8	9	10	11	12	13	14	15	16	17	18	19	20	21	22	23	24	25	26	27	28	29	30	1	2	3	4	5	6	7	8	9	10	11	12	13	14	15	16	17	18	19	20	21	22	23	24	25	26	27	28	29	30

171	15	07	10	09	36	47	77		158	156	142	134	130	126	123	120	116	111	108	105	100	91	82	78	78	72	63	56	50	48	44	40	37	35	34	32	32	33	-266	-224	-244	-203	-201	-208	-244	-233	-218	-212	-173	-199	-219	-196	-212	-201	-153	-123	-161	-145	-158	-128	-106	-90	-81	-105	-117	-130	-117	-101	338	318	283	330	412	437	498	492	508	476	506	515	488	444	384	372	383	340	312	263	232	194	185	154	149	146	129	116	115	116	430	389	374	387	458	484	555	544	553	521	535	552	535	485	439	423	412	362	351	300	281	232	213	178	170	180	174	174	164	154	321.80	324.80	319.20	328.40	334.00	334.50	333.90	334.70	336.80	336.00	341.10	338.90	335.80	336.20	331.10	331.60	338.20	340.10	332.70	331.10	325.70	326.60	330.20	329.70	331.50	324.30	317.80	311.70	314.50	319.00	16.67474912	-159.86545304	16.63815315	-159.88927349
172	15	07	10	09	56	49	47		158	154	146	135	128	127	123	119	115	109	107	106	101	93	85	78	74	68	60	53	48	46	43	39	36	34	33	32	32	32	-229	-230	-214	-177	-139	-161	-193	-160	-177	-189	-176	-133	-106	-142	-221	-196	-136	-107	-158	-191	-165	-167	-131	-110	-109	-114	-101	-104	-106	-76	244	251	241	253	328	439	449	497	499	530	558	531	499	440	412	403	400	399	345	325	268	234	221	207	203	218	201	204	184	188	335	340	322	309	356	468	489	522	529	563	585	547	510	462	468	448	422	413	379	377	315	287	257	234	230	246	225	229	212	203	316.80	317.50	318.40	325.00	337.00	339.90	336.70	342.20	340.50	340.40	342.50	345.90	348.00	342.10	331.80	334.10	341.20	345.00	335.40	329.60	328.40	324.50	329.30	332.00	331.80	332.40	333.30	333.00	330.10	338.00	16.63809037	-159.88930651	16.60165952	-159.91398736
173	15	07	10	10	16	51	17		152	144	140	134	130	126	123	120	115	110	108	104	99	92	84	77	69	61	54	49	46	44	41	38	36	35	33	32	30	31	-192	-184	-174	-185	-215	-215	-213	-241	-208	-203	-175	-99	-68	-146	-178	-120	-101	-65	-95	-130	-122	-98	-68	-68	-39	-40	-49	-71	-95	-81	169	215	219	221	264	386	457	515	530	536	514	491	405	413	426	423	426	383	346	319	291	272	269	255	246	257	254	230	210	231	256	283	280	288	340	442	504	569	569	573	543	501	411	438	462	440	438	388	359	344	316	289	277	264	249	260	259	241	230	245	311.40	319.40	321.50	320.10	320.80	330.90	335.00	334.90	338.60	339.30	341.20	348.60	350.50	340.50	337.30	344.20	346.70	350.40	344.60	337.80	337.30	340.20	345.80	345.10	351.00	351.20	349.10	342.80	335.70	340.70	16.60159380	-159.91404084	16.56368346	-159.93956180
174	15	07	10	10	36	52	89		148	141	133	127	126	123	121	118	115	111	109	103	96	89	82	75	68	60	54	49	46	43	39	37	37	35	32	30	30	29	-206	-190	-132	-135	-181	-187	-183	-239	-238	-215	-206	-138	-179	-190	-203	-160	-139	-157	-170	-140	-109	-78	-65	-64	-66	-70	-94	-129	-116	-104	251	244	250	239	230	304	397	456	512	497	453	375	351	342	369	350	357	327	299	256	218	214	208	216	200	225	231	219	214	207	325	309	283	274	293	357	437	515	565	542	498	400	394	391	421	385	383	363	344	292	244	228	218	225	211	236	249	254	243	232	320.60	322.10	332.20	330.50	321.80	328.40	335.30	332.30	335.10	336.60	335.50	339.80	333.00	330.90	331.20	335.40	338.70	334.40	330.40	331.30	333.40	340.00	342.60	343.50	341.70	342.70	337.90	329.50	331.50	333.30	16.56362018	-159.93960665	16.52818903	-159.96699468
175	15	07	10	10	56	47	83		152	149	142	132	124	120	118	117	114	111	108	102	93	84	78	72	65	59	55	50	45	42	38	36	34	32	30	30	31	31	-330	-259	-189	-101	-108	-187	-217	-254	-242	-181	-186	-175	-226	-239	-209	-195	-185	-206	-185	-133	-98	-88	-44	-20	-11	-59	-121	-112	-96	-78	274	279	302	322	338	303	337	405	498	488	435	368	349	340	356	364	357	338	296	281	225	198	182	192	211	221	208	197	196	183	429	381	356	337	355	356	401	478	554	520	473	407	416	416	413	413	402	396	349	311	245	217	187	193	211	229	241	227	218	199	309.70	317.10	328.00	342.60	342.30	328.30	327.20	327.90	334.10	339.70	336.80	334.60	327.10	324.90	329.60	331.80	332.60	328.60	328.00	334.70	336.50	336.00	346.40	354.10	357.00	345.10	329.80	330.40	333.90	336.90	16.52815785	-159.96706350	16.49266150	-159.99355165
176	15	07	10	11	16	49	55		149	142	138	138	136	122	118	116	113	109	105	98	90	82	74	68	62	59	54	50	47	43	39	36	33	30	29	31	33	35	-300	-261	-176	-111	-105	-183	-218	-250	-182	-190	-201	-247	-241	-223	-210	-231	-261	-231	-191	-166	-104	-67	-47	13	-17	-34	-64	-53	-8	-11	350	377	361	352	388	361	393	462	513	457	396	357	337	326	344	362	337	326	272	228	194	169	193	205	221	173	172	157	134	151	461	459	402	369	402	405	449	525	544	495	444	434	414	395	403	429	426	400	332	282	220	182	199	205	222	176	184	166	134	151	319.40	325.30	334.00	342.50	344.90	333.10	331.00	331.60	340.50	337.40	333.10	325.30	324.40	325.60	328.60	327.50	322.20	324.70	324.90	323.90	331.80	338.40	346.30	3.60	355.60	348.90	339.60	341.30	356.60	355.80	16.49259369	-159.99358267	16.45173702	-160.00845602
177	15	07	10	11	36	51	25		148	138	131	130	134	124	119	115	110	108	104	96	87	78	72	67	62	60	54	50	48	43	38	36	33	30	29	29	31	34	-195	-174	-184	-157	-97	-157	-241	-258	-225	-242	-238	-263	-289	-261	-239	-243	-270	-245	-215	-199	-155	-90	-51	-17	-30	-58	-109	-104	-60	-31	363	364	383	374	395	365	399	426	425	345	298	259	233	209	227	257	239	224	171	126	106	115	103	143	167	152	90	100	104	98	412	403	425	406	407	397	466	498	481	421	381	369	371	334	330	354	361	332	275	236	188	146	115	144	170	163	141	144	120	103	331.80	334.50	334.30	337.20	346.20	336.70	328.90	328.80	332.10	325.00	321.40	314.60	308.90	308.70	313.50	316.60	311.50	312.40	308.50	302.30	304.40	322.00	333.70	353.20	349.80	339.10	309.50	313.90	330.00	342.40	16.45166687	-160.00848485	16.41174881	-160.02368652
178	15	07	10	11	56	52	95		158	148	144	138	129	122	120	114	111	109	105	96	86	80	75	70	67	64	57	52	50	46	40	36	33	30	28	27	27	28	-232	-216	-189	-170	-166	-254	-280	-247	-244	-255	-253	-263	-242	-196	-177	-183	-194	-182	-143	-126	-92	-70	-24	1	5	-36	-96	-107	-86	-68	348	344	367	379	366	357	392	410	398	351	302	254	231	219	245	238	209	206	163	92	46	45	52	66	89	102	75	35	31	62	418	406	413	415	402	438	482	479	467	434	394	366	335	294	302	300	285	275	217	156	103	83	57	66	89	108	122	113	91	92	326.30	327.90	332.80	335.80	335.60	324.60	324.50	328.90	328.50	324.00	320.00	314.00	313.70	318.20	324.20	322.40	317.10	318.50	318.70	306.10	296.60	302.70	335.20	0.90	3.20	340.60	308.00	288.10	289.80	312.40	16.41168653	-160.02371284	16.37389630	-160.04388071
179	15	07	10	12	16	47	73		151	144	136	129	126	123	120	116	113	110	104	95	89	85	81	74	70	70	65	59	54	46	40	36	32	30	28	27	28	30	-190	-156	-188	-177	-170	-182	-216	-205	-159	-130	-139	-173	-133	-118	-132	-154	-135	-96	-112	-107	-80	-69	-53	-17	-39	-61	-143	-138	-101	-54	289	332	401	443	446	428	447	428	387	354	310	279	248	252	245	245	224	190	162	92	56	36	37	25	90	61	58	24	57	55	346	367	443	477	477	465	496	475	418	377	340	328	281	278	278	289	262	213	197	141	98	78	65	30	98	86	154	140	116	77	326.70	334.80	334.90	338.20	339.10	337.00	334.20	334.40	337.70	339.80	335.80	328.20	331.80	334.90	331.70	327.80	328.90	333.20	325.30	310.70	305.00	297.60	304.90	325.80	336.60	315.00	292.10	279.90	299.40	315.50	16.37382531	-160.04389035	16.33502187	-160.06509002
180	15	07	10	12	36	49	42		150	142	138	132	127	123	121	118	113	109	106	101	94	88	82	76	72	70	66	61	54	46	40	37	34	30	27	25	26	28	-213	-202	-186	-237	-252	-216	-199	-190	-161	-135	-110	-99	-91	-90	-81	-114	-98	-102	-86	-54	-37	-18	-9	-21	13	-3	-3	-55	-22	11	223	223	250	348	369	379	405	382	311	263	245	235	220	213	173	165	161	155	139	101	53	42	51	41	69	79	75	82	34	56	308	301	312	421	447	436	451	427	350	296	269	255	238	231	191	201	188	186	163	115	65	46	52	46	70	79	75	99	40	57	316.30	317.80	323.40	325.70	325.70	330.30	333.80	333.60	332.60	332.80	335.80	337.20	337.50	337.10	334.90	325.40	328.70	326.70	328.30	331.90	325.10	336.80	350.00	332.90	10.70	357.80	357.70	326.10	327.10	11.10	16.33489631	-160.06517384	16.29673099	-160.08827764
181	15	07	10	12	56	52	14		152	144	137	130	128	123	121	119	116	112	108	103	99	90	83	77	73	73	69	61	54	47	41	39	36	32	28	25	26	28	-273	-264	-221	-284	-310	-269	-227	-188	-138	-130	-49	-23	-22	-58	-55	-60	-86	-66	-54	-65	-28	14	-9	6	30	11	-41	-84	-43	-50	237	227	218	255	274	329	415	359	307	285	270	255	275	219	185	170	188	205	225	159	114	86	89	93	125	136	143	120	125	98	362	348	310	382	414	425	473	405	337	313	274	256	276	227	193	180	207	215	231	172	117	87	89	93	129	136	149	146	132	110	311.00	310.70	314.60	311.90	311.50	320.70	331.30	332.40	335.80	335.50	349.70	354.80	355.40	345.20	343.40	340.60	335.40	342.20	346.50	337.80	346.20	9.20	354.20	3.70	13.50	4.60	344.00	325.00	341.00	333.00	16.29668070	-160.08834620	16.25764819	-160.11106501
182	15	07	10	13	16	46	94		150	140	136	128	124	120	119	118	118	114	109	104	98	92	86	78	75	71	65	58	52	46	41	38	36	32	29	27	30	32	-254	-240	-208	-213	-250	-279	-270	-220	-165	-131	-94	-35	-19	4	28	-3	-54	-45	-17	-34	17	19	43	39	41	16	-21	-48	-45	-7	221	214	184	202	202	233	280	277	237	193	187	176	151	111	98	73	107	168	164	105	68	55	57	82	82	113	123	103	62	71	337	322	278	294	321	363	389	354	289	233	209	179	152	111	102	73	120	174	165	110	70	58	71	91	92	114	125	114	77	71	311.00	311.70	311.50	313.50	308.90	309.90	316.00	321.50	325.20	325.80	333.30	348.80	352.80	2.10	15.90	357.60	333.20	345.00	354.10	342.10	14.00	19.10	37.00	25.40	26.60	8.10	350.30	335.00	324.00	354.40	16.25758063	-160.11109502	16.21718748	-160.13040064
183	15	07	10	13	36	48	63		149	140	135	126	123	120	119	120	118	114	110	106	101	96	88	80	75	73	70	64	56	48	43	41	37	33	30	28	28	30	-199	-167	-157	-186	-219	-247	-251	-189	-142	-121	-86	-40	-50	-21	14	-8	-61	-73	-48	-38	-55	-60	-43	-20	-24	-23	-22	-15	-36	-20	297	283	280	289	293	302	281	231	220	201	134	108	61	38	36	-10	12	41	45	26	18	11	27	27	55	70	105	99	88	77	358	329	321	344	366	390	377	298	262	235	159	115	79	43	39	13	62	84	66	46	58	61	51	34	60	74	107	100	95	80	326.20	329.50	330.70	327.20	323.20	320.70	318.20	320.70	327.20	329.00	327.30	339.70	320.70	331.10	21.30	218.70	281.10	299.30	313.20	304.40	288.10	280.40	302.10	323.50	336.40	341.80	348.20	351.40	337.80	345.40	16.21712646	-160.13043869	16.17797786	-160.15009685
184	15	07	10	13	56	50	31		150	141	137	126	122	119	118	117	116	112	109	106	104	100	93	84	76	72	72	68	60	51	46	45	40	36	32	30	28	28	-151	-154	-127	-157	-183	-186	-151	-88	-41	-14	7	44	51	57	35	-4	-43	-47	-24	-16	-52	-45	-67	-48	-48	-28	-1	-9	-6	-21	290	284	292	304	293	317	292	254	228	199	157	111	103	74	36	9	4	-1	10	19	10	6	-1	24	33	44	60	60	58	54	327	323	318	342	345	368	329	269	232	199	157	119	115	93	50	10	43	47	26	25	53	45	67	54	58	52	60	61	58	58	332.50	331.50	336.50	332.70	328.00	329.60	332.70	340.90	349.80	356.00	2.60	21.60	26.30	37.60	44.20	336.00	275.30	268.80	292.60	319.90	280.90	277.60	269.10	296.60	304.50	327.50	359.00	351.50	354.10	338.70	16.17791282	-160.15013767	16.13871066	-160.16994763
185	15	07	10	14	16	52	11		151	142	139	128	120	116	115	115	116	114	110	106	104	101	95	87	79	74	72	68	63	56	50	47	43	39	35	32	30	30	-121	-95	-83	-82	-80	-127	-152	-118	-80	3	-16	5	34	23	7	-31	-48	-51	-22	-36	-52	-73	-56	-55	-51	-34	-40	-19	-22	-51	277	240	224	251	247	248	226	222	232	210	141	110	102	102	63	27	0	-11	-4	24	18	35	16	47	59	61	53	49	56	50	302	258	239	264	260	279	272	251	245	210	142	110	108	105	63	41	48	52	22	43	55	81	58	72	78	70	66	53	60	71	336.40	338.40	339.70	341.90	342.10	332.90	326.10	332.00	341.00	0.80	353.50	2.60	18.40	12.70	6.30	311.10	270.00	257.80	259.70	303.70	289.10	295.60	285.90	310.50	319.20	330.90	323.00	338.80	338.60	314.40	16.13864671	-160.16998937	16.09989549	-160.19074347
186	15	07	10	14	36	46	89		152	144	142	132	122	117	115	115	115	114	110	106	103	100	96	91	84	78	74	70	67	61	54	49	44	40	36	33	32	30	-118	-114	-85	-101	-108	-126	-145	-137	-110	-64	-49	-46	-28	-6	-11	-32	-46	-66	-67	-74	-85	-75	-100	-83	-103	-100	-113	-104	-103	-109	179	191	175	185	190	177	180	183	218	177	124	97	80	52	13	24	6	0	-2	-22	-15	30	49	62	76	77	54	73	64	52	214	222	195	211	219	217	231	229	244	188	133	107	85	52	17	40	46	66	67	77	86	81	111	104	128	126	125	127	121	121	326.60	329.20	334.10	331.40	330.40	324.60	321.10	323.20	333.20	340.10	338.40	334.60	340.70	353.40	319.80	306.90	277.40	270.00	268.30	253.40	260.00	291.80	296.10	306.80	306.40	307.60	295.50	305.10	301.90	295.50	16.09984084	-160.19080533	16.06327982	-160.21696667
187	15	07	10	14	56	48	64		155	145	139	127	119	117	115	115	114	113	110	105	102	98	93	89	84	77	70	66	64	61	56	52	48	44	40	38	36	35	-144	-132	-131	-129	-145	-131	-129	-132	-95	-42	16	-6	-2	15	32	-14	-36	-52	-63	-64	-60	-85	-69	-100	-108	-121	-104	-129	-100	-89	195	191	164	154	168	159	151	200	232	198	146	112	120	99	89	101	93	82	55	55	77	69	80	70	73	80	37	59	35	35	242	232	210	201	222	206	199	240	251	202	147	112	120	100	95	102	100	97	84	84	98	109	106	122	130	145	110	142	106	96	323.60	325.40	321.40	320.00	319.20	320.50	319.50	326.60	337.70	348.00	6.30	356.90	359.00	8.60	19.80	352.10	338.80	327.60	311.10	310.70	322.10	309.10	319.20	305.00	304.10	303.50	289.60	294.60	289.30	291.50	16.06322416	-160.21700565	16.02564985	-160.24142113
188	15	07	10	15	16	50	33		156	145	138	131	120	116	114	112	111	111	109	105	101	96	92	89	84	78	72	68	67	65	62	58	54	51	48	46	44	42	-175	-168	-176	-152	-141	-139	-145	-83	-99	-79	-53	-76	-106	-76	-84	-118	-125	-101	-63	-44	-39	-30	-40	-40	-75	-55	-89	-105	-92	-83	129	133	121	131	102	128	104	80	146	172	119	88	95	58	61	62	64	63	42	27	13	28	13	41	47	34	30	9	22	31	217	214	214	201	174	189	178	115	176	189	130	116	142	96	104	133	140	119	76	52	41	41	42	57	89	65	94	105	95	89	306.40	308.40	304.50	310.80	305.90	312.60	305.60	313.90	325.90	335.30	336.00	319.20	311.90	307.30	306.00	297.70	297.10	302.00	303.70	301.50	288.40	313.00	288.00	315.70	302.10	301.70	288.60	274.90	283.40	290.50	16.02558036	-160.24145566	15.98476150	-160.26189267
189	15	07	10	15	36	52	08		154	144	136	126	117	114	112	110	109	106	103	99	96	93	90	88	83	76	71	68	67	65	63	62	59	56	54	51	50	48	-178	-181	-159	-149	-148	-153	-167	-158	-174	-115	-97	-95	-135	-120	-121	-173	-146	-130	-118	-87	-68	-102	-84	-86	-99	-83	-108	-103	-92	-88	149	146	131	157	167	158	129	130	152	170	109	61	66	57	63	57	48	28	30	12	15	30	13	23	37	36	34	24	18	35	232	233	206	216	223	220	211	205	231	205	146	113	150	133	136	182	154	133	122	88	70	106	85	89	106	90	113	106	94	95	309.90	308.90	309.50	316.50	318.50	315.90	307.70	309.40	311.10	325.90	318.30	302.70	296.10	295.40	297.50	288.20	288.20	282.20	284.30	277.90	282.40	286.40	278.80	285.00	290.50	293.40	287.50	283.10	281.10	291.70	15.98469185	-160.26191832	15.94438696	-160.28081347
190	15	07	10	15	56	46	86		148	135	128	120	113	111	112	108	104	100	93	88	84	82	78	78	78	74	70	67	64	61	59	58	56	54	50	46	45	44	-217	-208	-201	-196	-193	-172	-187	-192	-166	-124	-61	-45	-68	-63	-57	-70	-118	-88	-70	-51	-69	-76	-91	-90	-107	-117	-114	-116	-104	-84	94	116	98	115	106	111	99	98	118	136	69	36	54	62	114	95	64	36	29	31	64	61	68	69	72	83	73	49	61	76	236	238	224	227	220	205	212	216	204	184	92	58	87	88	127	118	134	95	76	60	94	97	114	113	129	143	135	126	121	113	293.40	299.10	296.00	300.40	298.80	302.80	297.90	297.00	305.40	317.60	318.50	308.70	308.50	314.50	333.40	323.60	298.50	292.20	292.50	301.30	312.80	308.80	306.80	307.50	303.90	305.40	302.60	292.90	300.40	312.10	15.94431429	-160.28083250	15.90340214	-160.29762631
191	15	07	10	16	16	48	70		146	132	120	111	106	107	108	106	101	94	89	83	79	77	75	76	72	64	60	59	59	57	54	54	53	52	49	45	42	39	-259	-255	-239	-253	-241	-206	-215	-187	-156	-106	-74	-63	-67	-75	-106	-114	-124	-116	-60	-91	-127	-127	-142	-160	-168	-162	-162	-152	-108	-113	44	30	28	31	38	54	38	62	118	127	42	22	40	90	97	68	67	57	47	58	57	73	114	86	101	104	112	107	117	132	263	257	241	255	244	213	218	197	196	165	85	67	78	117	144	133	141	129	76	108	139	146	182	182	196	193	197	186	159	174	279.60	276.70	276.70	277.00	279.00	284.70	280.00	288.30	307.10	320.20	299.60	289.20	300.80	320.20	312.50	300.80	298.40	296.20	308.10	302.50	294.20	299.90	308.80	298.30	301.00	302.70	304.70	305.10	317.30	319.40	15.90332754	-160.29765230	15.86194131	-160.31676496
192	15	07	10	16	36	50	50		143	129	120	110	104	108	107	103	99	94	88	80	76	72	71	74	70	64	58	60	59	54	48	44	44	44	42	39	37	36	-244	-238	-242	-235	-249	-179	-148	-179	-184	-128	-70	-98	-89	-91	-127	-101	-114	-74	-34	-53	-75	-71	-98	-128	-111	-134	-95	-84	-56	-36	63	75	52	46	50	42	18	39	122	91	10	-25	22	72	57	33	38	42	45	36	56	62	102	85	91	106	110	107	123	116	252	250	248	239	254	184	149	183	221	157	71	101	92	116	139	106	120	85	56	64	94	94	141	154	144	171	145	136	135	121	284.50	287.50	282.10	281.10	281.40	283.20	276.90	282.30	303.50	305.40	278.10	255.70	283.90	308.40	294.20	288.10	288.40	299.60	322.90	304.20	306.70	311.10	316.10	303.60	309.30	308.30	319.20	321.90	335.50	342.80	15.86187216	-160.31681065	15.82035013	-160.33753616
193	15	07	10	16	56	52	20		139	123	115	110	109	113	108	102	97	94	87	78	74	72	70	69	67	62	56	54	54	50	44	40	38	41	42	39	34	30	-264	-244	-263	-248	-228	-185	-194	-198	-158	-106	-67	-106	-113	-112	-129	-137	-111	-98	-66	-48	-47	-82	-95	-115	-122	-127	-132	-93	-82	-42	51	62	43	64	50	43	23	126	133	81	-3	-52	4	53	24	5	-12	24	30	5	13	32	36	45	32	20	34	36	56	58	269	252	266	256	233	190	195	235	207	133	67	118	113	124	131	137	112	101	72	48	49	88	102	123	126	129	136	100	99	72	280.90	284.30	279.30	284.50	282.40	283.10	276.80	302.50	310.10	307.40	267.40	243.90	272.00	295.30	280.50	272.10	263.80	283.80	294.40	275.90	285.50	291.30	290.80	291.40	284.70	278.90	284.40	291.20	304.30	324.10	15.82028937	-160.33759148	15.77737981	-160.35340503
194	15	07	10	17	16	47	00		140	121	113	109	111	117	111	104	98	91	84	78	74	71	70	67	63	58	54	53	50	45	40	36	36	37	40	40	36	30	-235	-229	-235	-238	-221	-196	-193	-231	-172	-89	-53	-96	-106	-96	-107	-108	-104	-59	-51	-62	-106	-102	-135	-170	-153	-140	-105	-65	-27	-1	69	76	87	55	53	45	21	90	104	-4	-68	-76	-59	25	15	-6	-5	40	28	-2	24	52	91	77	73	46	39	64	99	121	245	241	251	244	227	201	194	248	201	89	86	122	121	99	108	108	104	71	58	62	109	114	163	187	170	147	112	91	103	121	286.40	288.40	290.30	283.00	283.50	282.90	276.20	291.30	301.20	267.40	217.90	231.60	240.90	284.60	278.00	266.80	267.20	304.10	298.80	268.20	282.80	297.00	304.00	294.40	295.50	288.20	290.40	314.60	344.70	359.50	15.77723136	-160.35347502	15.73493913	-160.37198083
195	15	07	10	17	36	48	69		140	120	109	102	104	113	112	106	98	92	86	80	75	69	66	65	63	59	56	52	50	46	39	35	33	34	36	38	37	32	-220	-212	-210	-219	-204	-197	-213	-217	-151	-60	-60	-107	-103	-103	-134	-151	-120	-91	-90	-106	-132	-149	-144	-155	-197	-161	-131	-101	-40	-31	61	54	50	55	56	26	16	79	105	34	-28	-49	-9	-9	-52	-73	-60	11	-23	3	5	25	76	84	43	6	0	28	71	106	228	219	216	226	212	199	214	231	184	69	66	118	103	103	144	168	134	92	93	106	132	151	163	176	202	161	131	105	81	110	285.50	284.30	283.40	284.10	285.40	277.50	274.30	290.00	304.80	299.50	245.00	245.40	265.00	265.00	248.80	244.20	243.40	276.90	255.70	271.60	272.20	279.50	297.80	298.50	282.30	272.10	270.00	285.50	330.60	343.70	15.73486947	-160.37201864	15.69228848	-160.39225297
196	15	07	10	17	56	50	39		143	122	108	100	97	102	108	107	102	95	88	82	78	74	68	65	63	60	56	50	45	39	32	29	29	30	33	35	34	30	-201	-186	-185	-189	-183	-213	-196	-207	-229	-178	-123	-121	-135	-132	-140	-176	-169	-132	-116	-146	-159	-164	-200	-194	-167	-159	-131	-115	-107	-78	27	47	46	28	20	28	5	11	86	50	-62	-107	-83	-40	-37	-65	-44	-39	-44	-38	-7	19	30	-7	-28	-21	3	35	66	88	203	192	191	191	184	215	196	207	245	185	138	162	158	138	145	188	175	138	124	151	159	165	202	194	169	160	131	120	126	118	277.70	284.20	284.00	278.40	276.20	277.50	271.50	273.00	290.60	285.70	243.20	228.50	238.40	253.10	255.20	249.70	255.40	253.50	249.20	255.40	267.50	276.60	278.50	267.90	260.50	262.50	271.30	286.90	301.70	318.40	15.69222151	-160.39229413	15.64982417	-160.41177199
197	15	07	10	18	16	52	14		139	121	108	99	95	100	108	108	102	95	88	84	81	78	70	64	62	59	54	47	41	36	30	26	25	27	32	35	36	34	-189	-183	-189	-172	-141	-192	-207	-213	-232	-195	-117	-92	-91	-129	-159	-193	-200	-176	-123	-122	-136	-161	-162	-153	-113	-100	-104	-56	-89	-61	35	28	41	32	50	36	17	21	119	48	-48	-53	-84	-44	-56	-78	-61	-14	-37	-45	-25	8	-31	-65	-67	-80	-39	-15	14	20	192	185	193	175	150	195	208	214	261	201	126	106	124	136	169	208	209	177	128	130	138	161	165	166	131	128	111	58	90	64	280.50	278.70	282.20	280.50	289.50	280.60	274.70	275.60	297.20	283.80	247.70	240.10	227.30	251.20	250.60	248.00	253.00	265.50	253.30	249.80	259.60	272.80	259.20	247.00	239.30	231.30	249.40	255.00	278.90	288.20	15.64974865	-160.41179831	15.61311797	-160.42194234
198	15	07	10	18	36	46	98		143	124	110	100	94	98	105	106	101	96	90	86	82	78	70	64	61	59	54	46	41	36	30	26	24	26	30	32	32	32	-216	-225	-216	-195	-171	-219	-225	-276	-230	-183	-122	-79	-116	-161	-211	-246	-238	-213	-176	-131	-176	-181	-168	-176	-189	-150	-118	-78	-77	-79	102	94	79	86	80	44	28	70	90	45	-38	-47	-74	-47	-58	-91	-63	-6	5	43	30	-5	8	-19	-28	-17	-9	25	31	48	239	244	230	213	189	223	227	285	247	188	128	92	138	168	219	262	246	213	176	138	179	181	168	177	191	151	118	82	83	92	295.30	292.70	290.10	293.80	295.10	281.40	277.10	284.20	291.40	283.80	252.70	239.30	237.50	253.70	254.60	249.70	255.20	268.40	271.60	288.20	279.70	268.40	272.70	263.80	261.60	263.50	265.60	287.80	291.90	301.30	15.61304446	-160.42197620	15.57444069	-160.44333070
199	15	07	10	18	56	48	80		146	124	108	98	97	105	108	105	98	94	88	82	78	71	68	66	66	64	59	52	46	42	36	30	26	25	26	30	32	33	-279	-275	-243	-228	-252	-277	-298	-249	-169	-101	-90	-89	-125	-153	-165	-182	-194	-173	-144	-138	-137	-166	-148	-144	-105	-115	-86	-74	-76	-80	67	79	46	50	37	5	5	46	6	-8	-24	-29	-55	-70	-59	-91	-57	31	38	65	29	33	15	4	-40	-44	-34	-13	8	28	287	286	247	233	255	277	298	253	169	101	93	94	137	168	175	203	202	176	149	153	140	169	149	144	112	123	92	75	76	85	283.50	286.00	280.70	282.40	278.40	271.00	271.00	280.50	272.00	265.50	255.10	252.00	246.30	245.40	250.30	243.40	253.60	280.20	284.80	295.20	282.00	281.20	275.80	271.60	249.10	249.10	248.40	260.00	276.00	289.30	15.57436718	-160.44334897	15.53425265	-160.46716447
200	15	07	10	19	16	50	86		144	126	110	98	96	105	108	104	98	92	88	84	77	70	67	67	66	62	58	51	46	41	36	30	25	23	24	27	28	29	-323	-308	-309	-276	-286	-316	-295	-215	-193	-128	-115	-122	-84	-85	-143	-140	-129	-117	-115	-82	-82	-86	-69	-44	-39	-35	-75	-73	-65	-94	70	80	55	48	17	-8	71	46	6	-5	-53	-35	-19	-44	-76	-59	23	43	53	71	58	39	26	22	1	-38	-47	-44	-4	-21	330	318	314	280	287	316	303	220	193	128	127	127	86	96	162	152	131	125	127	108	100	94	74	49	39	52	89	85	65	96	282.20	284.60	280.10	279.90	273.40	268.50	283.50	282.10	271.80	267.80	245.30	254.00	257.30	242.60	242.00	247.10	280.10	290.20	294.70	310.90	305.30	294.40	290.60	296.60	271.50	222.60	237.90	238.90	266.50	257.40	15.53414133	-160.46726916	15.49672351	-160.49652720
201	15	07	10	19	36	52	56		144	127	111	99	98	104	109	108	102	94	88	85	75	66	64	65	63	59	56	51	44	37	32	28	22	21	23	26	28	30	-348	-338	-323	-313	-332	-349	-332	-301	-243	-171	-142	-131	-116	-103	-138	-186	-153	-115	-94	-104	-88	-91	-85	-40	-38	-46	-92	-76	-91	-87	94	71	71	79	60	38	62	28	17	-2	-44	-61	-55	-86	-122	-84	-49	-4	-12	-4	22	15	3	-24	25	4	3	-9	-11	0	360	345	331	323	337	351	338	302	244	171	149	145	128	134	184	204	161	115	95	104	91	92	85	47	45	46	92	77	92	87	285.10	281.90	282.40	284.20	280.20	276.20	280.60	275.30	274.00	269.30	252.80	245.00	244.60	230.10	228.50	245.70	252.20	268.00	262.70	267.80	284.00	279.40	272.00	239.00	303.30	275.00	271.90	263.20	263.10	270.00	15.49666149	-160.49658269	15.46165346	-160.52824683
202	15	07	10	19	56	48	36		143	129	113	101	100	106	108	108	102	95	90	84	76	66	61	61	61	57	53	49	46	41	35	29	25	23	24	27	30	31	-321	-300	-286	-279	-300	-286	-253	-243	-160	-108	-95	-66	-34	-64	-125	-145	-147	-118	-93	-80	-65	-46	-42	-8	-3	0	-67	-38	-46	-25	104	86	90	78	60	68	54	72	71	35	-10	-53	-60	-66	-78	-58	-9	-26	12	24	28	24	19	27	-5	-2	-32	-61	-57	-16	337	312	300	290	306	294	259	253	175	114	96	85	69	92	147	156	147	121	94	84	71	52	46	28	6	2	74	72	73	30	288.00	286.00	287.50	285.60	281.30	283.40	282.00	286.50	293.90	288.00	264.00	231.20	209.50	224.10	238.00	248.20	266.50	257.60	277.40	286.70	293.30	297.60	294.30	343.50	211.00	180.00	244.50	211.90	218.90	237.40	15.46157970	-160.52828053	15.42762252	-160.56063149
203	15	07	10	20	16	50	06		144	123	106	97	97	103	108	109	104	94	88	84	80	70	64	67	68	65	60	56	52	46	40	34	30	27	26	28	30	32	-369	-345	-325	-305	-300	-326	-274	-244	-144	-102	-105	-87	-49	-27	-113	-154	-133	-119	-92	-65	-58	-35	12	34	51	-14	-36	-55	-6	-9	161	119	138	155	108	52	73	73	121	107	40	-33	-15	-19	-52	-61	-26	3	41	58	75	68	40	36	38	16	-11	-23	-7	2	403	365	353	342	319	330	284	255	188	148	112	93	51	33	124	166	136	119	101	87	95	76	42	50	64	21	38	60	9	9	293.60	289.00	293.00	296.90	289.80	279.10	284.90	286.70	310.00	316.40	290.90	249.20	253.00	234.90	245.30	248.40	258.90	271.40	294.00	311.70	322.30	332.80	16.70	43.40	53.30	318.80	253.00	247.30	220.60	282.50	15.42759519	-160.56070584	15.39416037	-160.59361420
204	15	07	10	20	36	51	77		150	127	110	99	95	99	107	109	102	94	89	85	80	73	70	71	69	65	62	59	56	53	48	42	36	30	27	27	29	28	-343	-327	-330	-283	-280	-289	-238	-227	-154	-146	-150	-98	-64	-93	-163	-174	-154	-143	-136	-99	-68	-33	32	87	83	32	14	52	56	89	255	203	148	157	143	112	80	82	67	41	2	-60	-126	-155	-159	-166	-133	-98	-101	-82	-89	-68	-56	-36	-33	-45	-48	-26	-51	-39	427	385	362	324	314	310	251	241	168	152	150	115	141	181	228	240	203	173	169	129	112	76	64	94	89	55	50	58	76	97	306.60	301.80	294.20	299.00	297.10	291.20	288.60	289.90	293.50	285.70	270.80	238.50	206.90	211.00	225.70	226.30	229.20	235.60	233.40	230.40	217.40	205.90	150.30	112.50	111.70	144.60	163.70	116.60	132.30	113.70	15.39409717	-160.59366600	15.35956347	-160.62217017
205	15	07	10	20	56	46	56		154	133	116	105	101	100	104	108	107	100	94	90	84	76	69	66	61	58	56	54	54	54	50	44	35	28	26	28	28	26	-285	-273	-277	-257	-247	-246	-238	-222	-202	-147	-139	-167	-134	-107	-157	-176	-164	-137	-161	-164	-162	-112	-49	-29	-33	-40	-24	-1	14	29	220	224	192	166	174	145	102	73	72	92	35	-13	-56	-102	-133	-140	-100	-106	-98	-95	-95	-94	-73	-43	-66	-28	-73	-66	-54	-53	360	353	337	306	302	286	259	234	214	173	143	168	145	148	206	225	192	173	188	190	188	146	88	52	74	49	77	66	56	60	307.70	309.40	304.70	302.90	305.20	300.50	293.20	288.20	289.60	302.00	284.10	265.50	247.30	226.40	229.70	231.50	238.60	232.30	238.70	239.90	239.60	230.00	213.90	214.00	206.60	235.00	198.20	180.90	165.50	151.30	15.35950430	-160.62221400	15.32479115	-160.64623847
206	15	07	10	21	16	48	27		149	132	117	106	102	104	107	108	105	99	94	91	87	80	72	66	61	57	55	54	52	49	43	36	30	26	25	26	26	25	-243	-247	-258	-244	-205	-170	-197	-179	-176	-149	-120	-121	-101	-114	-106	-172	-160	-144	-157	-147	-129	-89	-18	-18	-37	-57	-39	-52	-13	-18	198	190	203	150	113	100	81	74	73	73	42	-24	-68	-97	-151	-141	-100	-91	-104	-96	-51	-29	-32	-40	-52	-67	-52	-74	-81	-66	313	312	328	286	234	197	213	194	191	166	127	123	122	150	184	222	189	170	188	176	139	94	37	44	64	88	65	90	82	68	309.20	307.60	308.20	301.60	298.90	300.50	292.40	292.50	292.50	296.10	289.30	258.80	236.00	229.60	215.10	230.70	238.00	237.70	236.50	236.90	248.40	252.00	209.40	204.20	215.40	220.40	216.90	215.10	189.10	195.30	15.32472954	-160.64627585	15.28676832	-160.66691369
207	15	07	10	21	36	49	95		143	128	114	104	98	99	104	106	104	99	92	87	86	79	70	64	61	59	56	54	51	47	41	34	28	26	25	26	26	26	-203	-206	-218	-192	-155	-131	-130	-149	-119	-95	-94	-104	-110	-109	-106	-160	-195	-192	-218	-215	-182	-144	-79	-66	-68	-61	-75	-68	-27	-5	150	132	122	102	108	58	76	67	59	81	32	-48	-100	-120	-142	-114	-67	-71	-77	-78	-57	-45	-29	-36	-48	-56	-74	-81	-72	-85	252	245	250	217	189	143	151	163	133	125	99	115	149	162	177	196	206	205	231	229	191	151	84	75	83	83	105	106	77	85	306.50	302.70	299.20	298.00	304.90	293.90	300.30	294.20	296.40	310.50	288.80	245.20	227.70	222.20	216.70	234.50	251.00	249.70	250.50	250.10	252.60	252.60	249.80	241.40	234.80	227.40	225.40	220.00	200.60	183.40	15.28669733	-160.66695568	15.24331796	-160.68934802
208	15	07	10	21	56	51	66		144	125	110	102	98	99	104	105	102	98	92	86	83	79	70	62	58	57	54	53	50	44	37	30	25	23	23	25	27	27	-161	-156	-189	-150	-98	-100	-93	-67	-53	-66	-63	-43	-40	-42	-55	-114	-154	-188	-203	-218	-209	-166	-104	-80	-119	-110	-99	-108	-89	-56	99	113	93	70	18	-39	-8	70	74	126	122	90	23	20	-16	-10	36	29	-3	-11	-1	7	38	20	51	24	-16	-35	-20	-10	189	193	211	166	100	107	93	97	91	142	137	100	46	47	57	114	158	190	203	218	209	166	111	82	129	113	100	114	91	57	301.60	305.90	296.20	295.00	280.40	248.70	265.10	316.30	324.40	332.40	332.70	334.50	299.90	295.50	253.80	265.00	283.20	278.80	269.20	267.10	269.70	272.40	290.10	284.00	293.20	282.30	260.80	252.00	257.30	259.90	15.24325786	-160.68940468	15.20168848	-160.71563819
209	15	07	10	22	16	46	44		148	123	103	98	99	102	108	107	101	94	90	87	86	84	74	68	64	62	59	54	48	40	35	31	28	26	26	28	30	30	-122	-135	-141	-123	-132	-109	-97	-61	7	22	31	45	37	-4	-23	-71	-114	-172	-179	-198	-165	-121	-84	-96	-130	-125	-107	-78	-53	-34	15	16	3	-35	-26	-40	23	89	102	109	143	132	68	60	84	90	65	61	47	26	55	100	62	105	61	57	71	71	77	83	123	136	141	128	135	116	100	108	102	111	146	139	77	60	87	115	131	182	185	200	174	157	104	142	144	137	128	105	93	90	277.00	276.80	271.20	254.10	258.90	249.80	283.30	325.60	3.90	11.40	12.20	18.80	28.60	356.20	344.70	321.70	299.70	289.50	284.70	277.50	288.40	309.60	306.40	317.60	295.10	294.50	303.60	312.30	325.50	337.70	15.20162101	-160.71569335	15.15990051	-160.74325103
210	15	07	10	22	36	48	14		154	127	108	101	102	104	108	105	101	96	91	88	88	84	76	70	66	64	60	52	45	40	36	32	28	26	26	27	28	28	-134	-124	-117	-102	-82	-128	-116	-76	-65	-70	-81	-97	-71	-95	-94	-104	-166	-209	-241	-189	-159	-133	-109	-71	-73	-89	-82	-86	-65	-87	-59	-75	-83	-76	-37	-2	27	66	57	77	85	53	7	-8	3	30	6	-29	-20	0	19	-1	13	27	37	39	11	8	-29	-42	146	145	143	127	90	128	119	101	86	104	117	111	71	95	94	108	166	211	242	189	160	133	110	76	82	97	83	86	71	97	246.20	238.80	234.60	233.30	245.70	269.10	283.10	311.00	311.20	317.70	316.40	298.70	275.60	265.20	271.80	286.10	272.10	262.10	265.30	270.00	276.80	269.60	276.80	290.80	296.90	293.70	277.60	275.30	246.00	244.20	15.15982532	-160.74329068	15.11753434	-160.76962033
211	15	07	10	22	56	49	84		160	139	118	107	104	105	108	106	102	98	92	87	86	82	76	71	65	60	56	50	43	37	32	28	25	25	25	26	27	27	-79	-65	-61	-81	-63	-64	-68	-66	-78	-115	-73	-110	-126	-152	-136	-108	-161	-220	-204	-181	-130	-145	-120	-112	-140	-135	-146	-143	-124	-115	-83	-90	-80	-99	-110	-72	-71	-32	-13	-12	30	5	-46	-75	-30	-6	-39	-70	-86	-24	2	-26	-60	-24	-41	-8	-11	-59	-53	-27	115	111	101	128	127	96	98	73	79	116	79	110	134	169	139	108	166	231	221	183	130	147	134	115	146	135	146	155	135	118	223.60	215.80	217.30	219.30	209.80	221.60	223.80	244.10	260.50	264.00	292.30	272.60	249.90	243.70	257.60	266.80	256.40	252.30	247.10	262.40	270.90	259.80	243.40	257.90	253.70	266.60	265.70	247.60	246.90	256.80	15.11746419	-160.76967331	15.07654516	-160.79655181
212	15	07	10	23	16	51	55		156	134	117	104	98	98	103	106	103	97	90	84	81	78	72	68	64	61	58	52	44	38	33	29	26	25	26	27	28	26	-108	-88	-96	-74	-72	-106	-77	-73	-91	-135	-139	-177	-178	-200	-182	-173	-212	-239	-219	-196	-192	-192	-173	-192	-174	-168	-162	-141	-139	-129	-17	7	-21	-36	-53	-49	-75	-80	-51	-43	21	1	-38	-64	-47	-14	-44	-58	-47	-10	-8	-9	2	-17	-9	-40	-49	-54	-53	-36	109	88	98	82	89	117	107	108	104	142	141	177	182	210	188	174	217	246	224	196	192	192	173	193	174	173	169	151	149	134	261.10	274.50	257.70	244.10	233.60	245.20	225.80	222.40	240.70	252.30	278.60	270.30	257.90	252.30	255.50	265.40	258.30	256.40	257.90	267.10	267.60	267.30	270.70	264.90	267.00	256.60	253.20	249.00	249.10	254.40	15.07647852	-160.79661048	15.03551851	-160.82248047
213	15	07	10	23	36	46	33		151	131	119	106	99	100	105	106	101	94	88	84	80	76	71	67	64	60	56	50	46	43	38	33	30	27	28	30	29	25	-79	-95	-70	-68	-46	-45	-58	-13	21	7	-64	-104	-89	-97	-118	-129	-190	-190	-171	-170	-163	-118	-118	-139	-119	-119	-105	-103	-47	-52	-34	-26	-23	-38	-19	-53	-40	-25	25	33	45	47	54	14	14	-8	-14	-34	-45	-21	19	8	11	-14	-28	-68	-71	-30	-50	-74	86	98	74	78	50	70	70	28	33	34	78	114	104	98	119	129	191	193	177	171	164	118	119	140	122	137	127	107	69	90	246.70	254.70	251.80	240.80	247.60	220.30	235.40	207.50	40.00	12.00	305.10	294.30	301.20	278.20	276.80	266.50	265.80	259.90	255.30	263.00	276.60	273.90	275.30	264.20	256.80	240.30	235.90	253.80	223.20	215.10	15.03543930	-160.82251182	14.99285135	-160.84947799
214	15	07	10	23	56	48	02		155	133	118	106	99	96	98	100	99	95	89	86	82	77	70	67	64	62	59	55	50	44	40	37	33	29	27	28	29	27	-58	-71	-80	-67	7	24	25	52	70	26	-46	-88	-83	-101	-104	-100	-144	-171	-199	-202	-160	-134	-94	-93	-102	-88	-66	-55	-55	-24	12	1	18	4	12	-40	-52	27	42	36	52	60	84	69	65	90	67	41	11	31	34	36	4	11	-24	-18	-27	-5	-27	-37	59	71	82	67	14	47	58	59	82	44	69	107	118	122	123	135	159	176	199	204	164	139	94	94	105	90	71	55	61	44	281.70	270.80	282.70	273.40	30.30	149.00	154.30	62.60	59.00	35.80	318.50	304.30	315.30	304.30	302.00	312.00	295.00	283.50	273.20	278.70	282.00	285.00	272.40	276.70	256.80	258.40	247.80	264.80	243.90	213.00	14.99277583	-160.84951865	14.95016618	-160.87873519
215	15	07	11	00	16	49	80		150	126	112	102	100	100	102	102	99	93	89	88	86	81	74	65	62	61	60	56	49	43	38	34	30	28	28	28	26	24	-144	-144	-126	-108	-66	-70	-76	-18	-10	-38	-37	-63	-61	-74	-65	-110	-137	-154	-168	-162	-155	-109	-108	-99	-110	-68	-85	-80	-64	-72	-118	-122	-119	-125	-154	-194	-84	-16	25	59	50	77	84	80	76	71	57	26	17	-3	22	18	15	9	-45	-53	-54	-48	-26	-21	186	189	173	165	168	206	113	24	27	70	62	99	104	109	100	131	148	156	169	162	157	110	109	99	119	86	101	93	69	75	230.70	229.70	226.60	220.80	203.20	199.80	222.10	228.40	338.20	327.20	323.50	320.70	324.00	317.20	319.50	302.80	292.60	279.60	275.80	268.90	278.10	279.40	277.90	275.20	247.80	232.10	237.60	239.00	247.90	253.70	14.95008881	-160.87878213	14.90861985	-160.91115614
216	15	07	11	00	36	51	61		149	125	112	101	97	99	104	103	97	90	84	82	83	80	71	65	60	57	57	54	48	43	37	31	27	26	27	27	25	22	-101	-97	-75	-35	5	-5	-18	-26	-29	-39	-42	-74	-61	-42	-31	-107	-172	-170	-181	-188	-138	-70	-35	-44	-78	-97	-67	-61	-41	-112	-114	-126	-141	-157	-157	-178	-106	-54	-36	-8	-5	-20	-11	7	12	5	-20	-24	-15	10	26	10	-2	-10	-70	-70	-18	-26	-8	-18	152	159	160	161	157	178	108	60	46	40	42	77	62	43	33	107	173	172	182	188	140	71	35	45	105	120	69	66	42	113	221.50	217.60	208.00	192.60	178.20	181.60	189.60	205.70	218.90	258.40	263.20	254.90	259.80	279.50	291.20	272.70	263.40	262.00	265.30	273.00	280.70	278.10	266.70	257.20	228.10	234.20	255.00	246.90	259.00	260.90	14.90856570	-160.91122085	14.86677387	-160.94130853
217	15	07	11	00	56	46	41		143	118	106	99	96	96	102	101	98	94	89	85	82	77	70	68	64	60	59	56	50	44	38	32	28	27	26	24	24	24	-79	-59	-33	12	-9	-25	-45	-106	-80	-53	-50	-62	-83	-77	-42	-67	-118	-161	-194	-189	-153	-138	-103	-96	-114	-111	-119	-160	-165	-125	-99	-112	-94	-123	-122	-137	-140	-109	-123	-113	-100	-113	-100	-91	-131	-126	-103	-75	-52	-37	-47	-47	-60	-74	-89	-93	-105	-35	-73	-50	127	127	100	124	122	139	147	152	147	125	112	129	130	119	138	143	157	178	201	193	160	146	119	121	145	145	159	164	180	135	218.60	207.80	199.30	174.40	184.20	190.30	197.80	224.20	213.00	205.10	206.60	208.80	219.70	220.20	197.80	208.00	228.90	245.00	255.00	258.90	252.90	251.20	239.80	232.40	232.00	230.00	228.60	257.70	246.10	248.20	14.86661763	-160.94138833	14.82663847	-160.97095834
218	15	07	11	01	16	48	17		134	110	102	98	102	106	106	103	101	95	88	87	86	80	75	70	63	59	55	48	42	37	33	30	30	29	26	24	22	21	-46	3	22	50	27	-12	-75	-90	-75	-45	-88	-121	-135	-98	-88	-88	-129	-143	-132	-151	-178	-141	-104	-87	-129	-111	-79	-135	-145	-77	-131	-119	-114	-100	-128	-154	-137	-143	-125	-129	-112	-125	-140	-151	-171	-154	-150	-121	-75	-33	-57	-51	-67	-137	-107	-93	-55	-53	-76	-49	139	119	116	112	131	154	156	169	146	137	142	174	194	180	192	177	198	187	152	155	187	150	124	162	168	145	96	145	164	91	199.30	178.60	169.10	153.40	168.10	184.50	208.70	212.20	211.00	199.20	218.20	224.10	224.00	213.00	207.20	209.70	220.70	229.80	240.40	257.70	252.20	250.10	237.20	212.40	230.30	230.00	235.20	248.60	242.30	237.50	14.82655783	-160.97097896	14.78450415	-160.99935363
219	15	07	11	01	36	49	86		142	117	103	97	99	104	107	106	101	95	90	88	89	86	80	70	62	58	50	42	39	36	34	34	35	32	29	26	25	24	-106	-53	-23	-8	-11	16	24	-32	-63	-129	-178	-216	-218	-179	-124	-121	-167	-175	-167	-163	-145	-94	-84	-81	-93	-92	-101	-126	-135	-129	-141	-106	-104	-76	-94	-91	-131	-155	-115	-64	-55	-83	-116	-135	-117	-123	-123	-76	-13	-10	-55	-85	-83	-109	-114	-96	-93	-34	-58	-45	176	119	107	76	95	92	133	158	131	144	186	231	247	224	170	173	207	191	168	163	155	127	118	136	147	133	137	131	147	137	216.90	206.60	192.50	186.00	186.70	170.00	169.60	191.70	208.70	243.60	252.80	249.00	242.00	233.00	226.70	224.50	233.60	246.50	265.50	266.50	249.20	227.90	225.30	216.60	219.20	223.80	227.40	254.90	246.80	250.80	14.78443081	-160.99939571	14.74246463	-161.03028880
220	15	07	11	01	56	51	56		152	125	105	98	98	100	104	104	98	92	90	86	84	80	74	68	64	63	60	54	44	40	41	44	40	34	31	30	28	28	-134	-101	-82	-47	-55	-50	-12	-25	-82	-190	-250	-248	-227	-199	-214	-179	-234	-218	-171	-160	-172	-149	-166	-134	-103	-97	-116	-114	-104	-141	-127	-96	-101	-78	-40	-26	-72	-110	-91	-59	20	46	16	-1	-31	-38	-51	-1	34	14	-42	-76	-106	-87	-62	-62	-37	-30	-30	-43	185	139	130	91	68	56	73	113	122	199	251	252	228	199	216	183	239	218	174	161	177	167	197	160	120	115	122	118	108	147	226.50	226.50	219.10	211.10	234.00	242.50	189.50	192.80	222.00	252.70	274.60	280.50	274.00	269.70	261.80	258.00	257.70	269.70	281.20	275.00	256.30	243.00	237.40	237.00	239.00	237.40	252.30	255.30	253.90	253.00	14.74239849	-161.03035016	14.70076919	-161.06142120
221	15	07	11	02	16	46	42		147	122	106	100	98	100	103	103	99	93	88	86	82	75	68	63	60	62	64	60	52	46	44	44	40	34	33	30	28	28	-173	-162	-152	-127	-136	-158	-98	-11	-58	-177	-283	-290	-254	-215	-184	-197	-252	-281	-230	-165	-165	-149	-158	-164	-153	-177	-170	-154	-155	-126	-93	-63	-60	-34	-24	25	17	6	-22	16	52	107	113	55	29	-12	-62	-6	48	9	-30	-88	-102	-85	-53	-55	-51	-46	-60	-55	196	174	163	131	138	160	99	13	62	178	288	309	278	222	186	197	260	281	235	165	168	173	188	185	162	185	177	161	166	137	241.70	248.70	248.50	255.00	260.00	279.00	279.80	298.60	249.20	275.20	280.40	290.30	294.00	284.30	279.00	266.50	256.20	268.80	281.80	273.10	259.70	239.40	237.20	242.60	250.90	252.70	253.30	253.40	248.80	246.40	14.70072334	-161.06150033	14.65949435	-161.09324813
222	15	07	11	02	36	48	11		140	115	103	101	100	106	108	103	98	92	87	88	82	74	68	66	65	66	60	53	47	42	42	42	40	36	34	32	31	30	-272	-257	-253	-245	-279	-268	-163	-81	-132	-260	-341	-337	-240	-185	-114	-126	-206	-203	-114	-62	-74	-83	-98	-80	-85	-116	-120	-119	-113	-85	-58	-64	-54	-65	-2	43	52	42	-22	4	76	141	134	104	74	17	-8	63	118	49	-6	-25	-48	-46	-58	-54	-63	-29	-50	-55	278	265	259	253	279	271	171	91	134	260	349	365	275	212	136	127	206	213	164	79	74	87	109	92	103	128	136	122	124	101	258.00	256.00	258.00	255.10	269.60	279.10	287.70	297.40	260.50	270.90	282.60	292.70	299.20	299.30	303.00	277.70	267.80	287.20	316.00	308.30	265.40	253.20	243.90	240.10	235.70	245.00	242.30	256.30	246.10	237.10	14.65942604	-161.09330613	14.62589264	-161.13020369
223	15	07	11	02	56	49	86		135	109	102	102	102	108	108	104	99	93	87	86	83	77	73	72	69	67	65	58	51	51	53	51	43	36	33	32	32	30	-208	-211	-201	-207	-262	-258	-167	-83	-72	-159	-254	-305	-282	-194	-112	-111	-187	-211	-153	-87	-81	-110	-105	-102	-114	-100	-89	-70	-74	-69	27	53	44	46	102	137	135	128	112	66	100	140	161	166	120	38	-3	12	73	70	21	-38	-43	-42	-24	-49	-63	-82	-56	-70	210	218	206	212	281	292	215	153	133	172	273	336	325	255	164	117	187	211	170	112	84	116	113	110	116	111	109	108	93	98	277.40	284.10	282.30	282.50	291.30	298.00	309.00	327.00	327.30	292.50	291.50	294.70	299.70	310.60	317.00	288.90	269.10	273.30	295.50	308.80	284.50	250.90	247.70	247.60	258.10	243.90	234.70	220.50	232.90	224.60	14.62581720	-161.13025147	14.58441831	-161.16147783
224	15	07	11	03	16	51	55		130	104	104	110	116	113	108	103	99	94	88	84	82	79	74	72	69	67	64	58	51	51	54	50	43	37	34	32	32	31	-267	-220	-251	-273	-255	-266	-179	-134	-118	-159	-237	-364	-363	-281	-175	-107	-139	-196	-219	-132	-59	-79	-113	-114	-114	-127	-133	-119	-116	-103	50	71	49	83	164	155	141	127	100	71	-2	42	62	81	63	24	-50	-104	-94	-27	-44	-94	-107	-76	-85	-88	-94	-66	-68	-78	272	231	256	285	303	308	228	185	155	174	237	366	368	292	186	110	148	222	238	135	74	123	156	137	142	155	163	136	134	129	280.60	287.90	281.00	286.90	302.70	300.20	308.20	313.50	310.30	294.10	269.50	276.60	279.70	286.10	289.80	282.60	250.20	242.00	246.80	258.40	233.30	220.00	226.60	236.30	233.30	235.30	234.70	241.00	239.60	232.90	14.58434480	-161.16152753	14.54413899	-161.19316896
225	15	07	11	03	36	46	47		124	102	108	111	110	108	104	100	96	92	88	84	84	82	74	72	71	67	61	53	47	48	52	50	44	41	38	35	32	32	-315	-310	-305	-295	-274	-232	-161	-165	-156	-162	-224	-346	-387	-319	-172	-126	-111	-136	-145	-126	-66	-67	-78	-112	-168	-173	-157	-139	-151	-153	61	56	100	179	198	195	255	221	152	103	36	61	113	163	159	103	65	73	77	59	-14	-98	-143	-133	-121	-108	-78	-76	-64	-46	321	315	321	345	338	303	302	276	218	192	227	351	403	358	234	163	129	154	164	139	67	119	163	174	207	204	175	158	164	160	281.00	280.20	288.20	301.20	305.90	310.00	327.70	323.30	314.30	302.40	279.10	280.00	286.30	297.10	312.80	309.30	300.40	298.20	298.00	295.10	258.00	214.40	208.60	220.10	234.20	238.00	243.60	241.30	247.00	253.30	14.54407135	-161.19322781	14.50390167	-161.22541482
226	15	07	11	03	56	48	19		125	100	104	108	109	107	105	101	96	92	89	86	84	79	73	72	69	62	53	46	46	49	52	49	44	41	39	37	34	33	-262	-262	-264	-270	-263	-242	-236	-235	-226	-231	-246	-362	-418	-316	-194	-165	-186	-167	-159	-129	-87	-92	-92	-127	-183	-216	-190	-153	-169	-152	99	88	114	148	258	247	245	250	177	106	49	-1	65	169	143	48	47	96	116	85	21	-54	-100	-88	-92	-79	-79	-62	-59	-48	280	276	288	308	368	346	340	343	287	254	251	362	423	358	241	172	192	193	197	154	89	107	136	155	205	230	206	165	179	159	290.70	288.60	293.40	298.70	314.50	315.60	316.10	316.80	308.10	294.60	281.30	269.80	278.80	298.10	306.40	286.20	284.20	299.90	306.10	303.40	283.60	239.60	222.60	235.30	243.30	249.90	247.40	247.90	250.80	252.50	14.50375264	-161.22550568	14.46050487	-161.25086613
227	15	07	11	04	16	49	89		127	105	109	111	108	108	106	101	98	94	92	91	88	80	74	70	64	59	62	68	65	59	54	50	46	42	38	36	34	34	-297	-282	-284	-279	-275	-316	-311	-308	-316	-305	-312	-390	-403	-353	-225	-223	-239	-236	-258	-228	-172	-159	-172	-194	-214	-216	-196	-201	-193	-201	9	10	33	90	182	190	231	254	205	125	36	9	77	155	147	60	13	16	30	67	50	-2	-51	-71	-86	-65	-54	-46	-45	-57	297	282	286	293	330	369	387	399	377	330	314	390	410	386	269	231	239	237	260	238	179	159	179	207	231	226	203	206	198	209	271.70	272.00	276.60	287.90	303.50	301.00	306.60	309.50	303.00	292.30	276.60	271.30	280.80	293.70	303.20	285.10	273.10	273.90	276.60	286.40	286.20	269.30	253.50	249.90	248.10	253.30	254.60	257.10	256.90	254.20	14.46043831	-161.25091466	14.41566252	-161.27441701
228	15	07	11	04	36	51	61		131	118	114	113	110	108	106	101	98	94	94	96	90	84	79	72	65	59	59	61	58	55	52	47	43	40	37	35	35	36	-305	-285	-273	-279	-282	-315	-351	-348	-364	-370	-384	-435	-395	-305	-263	-248	-254	-279	-272	-216	-187	-160	-168	-178	-216	-209	-191	-189	-201	-190	22	-4	3	34	100	150	219	285	223	169	49	50	148	208	127	46	16	28	39	58	32	-51	-99	-120	-113	-104	-105	-81	-64	-63	306	285	273	281	299	349	414	450	427	407	387	438	422	369	292	252	255	280	275	224	190	168	195	215	244	233	218	206	211	200	274.10	269.20	270.60	276.90	289.50	295.50	302.00	309.30	301.50	294.50	277.30	276.60	290.50	304.30	295.80	280.50	273.60	275.70	278.20	285.00	279.70	252.30	239.50	236.00	242.40	243.50	241.20	246.80	252.30	251.70	14.41560418	-161.27447586	14.37561052	-161.29676820
229	15	07	11	04	56	46	45		138	129	124	121	114	110	107	102	98	97	96	95	89	82	76	72	66	59	55	54	54	54	50	45	42	39	36	36	38	40	-350	-306	-331	-302	-271	-319	-377	-417	-411	-425	-445	-430	-405	-317	-298	-280	-305	-337	-324	-267	-263	-236	-262	-251	-253	-219	-242	-249	-211	-189	-13	-20	-7	23	69	86	125	212	212	136	65	43	142	156	88	7	-30	-14	15	17	-25	-71	-88	-95	-83	-68	-49	-30	-34	20	350	307	331	303	280	330	397	468	462	446	450	432	429	353	311	280	306	337	324	268	264	246	276	268	266	229	247	251	214	190	267.90	266.30	268.80	274.40	284.30	285.10	288.30	296.90	297.30	287.70	278.30	275.70	289.30	296.20	286.50	271.40	264.40	267.60	272.70	273.60	264.60	253.30	251.40	249.30	251.80	252.80	258.60	263.10	260.80	276.00	14.37553181	-161.29680181	14.32881435	-161.32009017
230	15	07	11	05	16	49	17		144	132	128	123	120	116	111	106	102	98	96	94	92	86	78	73	68	64	60	60	60	58	53	48	45	44	45	46	46	44	-382	-336	-350	-309	-285	-280	-344	-413	-460	-457	-433	-427	-405	-312	-262	-292	-333	-364	-301	-237	-200	-170	-174	-193	-186	-193	-194	-209	-172	-149	-36	-26	-14	5	-6	19	53	110	119	107	47	12	29	65	-1	-49	-92	-83	-35	24	17	37	51	57	36	25	-9	14	12	24	384	337	350	309	285	281	348	427	475	469	436	427	406	319	262	296	345	373	303	238	201	174	181	201	189	195	194	209	172	151	264.60	265.60	267.70	270.90	268.80	273.90	278.80	284.90	284.50	283.20	276.20	271.60	274.10	281.80	269.80	260.50	254.60	257.20	263.40	275.80	274.90	282.30	286.30	286.50	281.00	277.40	267.30	273.80	274.00	279.20	14.32873582	-161.32012714	14.28358351	-161.33609718
231	15	07	11	05	36	51	44		152	143	136	127	120	117	114	110	107	102	99	100	96	90	84	78	71	65	63	62	60	59	56	52	50	49	47	46	44	42	-425	-395	-372	-349	-324	-290	-275	-332	-421	-475	-494	-459	-418	-298	-247	-236	-324	-353	-364	-299	-243	-214	-201	-199	-198	-171	-168	-153	-142	-146	-48	-29	-20	-7	-9	-9	-19	18	36	81	42	53	86	108	71	12	-39	-18	34	55	58	79	75	96	73	75	31	20	10	11	428	396	373	349	324	290	276	332	423	482	496	462	427	317	257	236	326	353	366	304	250	228	215	221	211	187	171	154	142	146	263.60	265.80	266.90	268.90	268.40	268.20	266.00	273.10	274.90	279.70	274.90	276.60	281.60	289.90	286.00	272.90	263.10	267.10	275.30	280.40	283.40	290.30	290.50	295.80	290.20	293.70	280.50	277.40	274.00	274.30	14.28350598	-161.33613297	14.23507953	-161.35982517
232	15	07	11	05	56	53	14		154	148	138	126	121	118	116	114	111	107	106	102	98	92	85	76	69	64	62	60	58	55	49	44	43	42	42	41	40	38	-384	-384	-381	-376	-381	-363	-378	-449	-537	-603	-549	-490	-460	-410	-331	-317	-406	-424	-341	-275	-232	-199	-173	-211	-212	-160	-160	-144	-157	-184	-174	-127	-88	-98	-109	-83	-125	-74	-34	11	5	68	100	108	105	86	33	41	125	111	102	88	64	90	95	72	51	41	-1	8	422	404	391	389	396	372	398	455	538	603	549	495	471	424	347	328	407	426	363	297	253	218	184	229	232	175	168	150	157	184	245.60	251.70	257.00	255.40	254.00	257.10	251.70	260.60	266.40	271.00	270.50	277.90	282.30	284.80	287.60	285.20	274.60	275.50	290.10	292.00	293.70	293.90	290.30	293.10	294.10	294.20	287.70	285.90	269.60	272.50	14.23499546	-161.35986733	14.18591900	-161.38348066
233	15	07	11	06	16	47	92		153	152	138	127	124	124	121	118	114	110	105	102	96	88	80	70	64	60	60	58	54	49	44	41	40	41	39	38	36	34	-444	-423	-431	-440	-407	-445	-469	-512	-539	-569	-530	-547	-519	-461	-386	-411	-404	-376	-322	-281	-229	-163	-161	-211	-183	-174	-170	-150	-146	-156	-218	-200	-170	-134	-106	-113	-110	-78	-41	-60	-61	-18	7	5	17	4	3	42	61	83	87	72	74	39	29	38	20	-37	-49	-45	495	468	463	460	421	459	482	518	541	572	533	547	519	461	386	411	404	378	328	293	245	178	177	215	185	178	171	154	154	162	243.80	244.70	248.50	253.10	255.40	255.80	256.80	261.30	265.70	264.00	263.40	268.10	270.80	270.60	272.50	270.60	270.40	276.40	280.70	286.50	290.80	293.80	294.70	280.50	279.00	282.30	276.70	256.10	251.40	253.90	14.18584113	-161.38352148	14.13701051	-161.40987301
234	15	07	11	06	36	49	63		150	150	141	131	125	122	121	118	114	108	104	100	96	88	83	74	64	60	58	54	49	48	44	37	35	37	37	37	36	33	-452	-412	-399	-415	-435	-455	-458	-495	-504	-541	-561	-557	-535	-475	-400	-327	-300	-316	-280	-268	-214	-184	-140	-145	-182	-150	-128	-124	-151	-155	-185	-183	-159	-131	-120	-114	-118	-71	42	78	87	79	83	47	31	2	-8	-52	-9	6	9	28	11	3	-53	-14	-60	-79	-113	-116	488	451	430	435	451	469	473	500	506	547	568	563	541	477	401	327	300	320	280	268	214	186	140	145	190	151	141	147	189	194	247.70	246.10	248.30	252.50	254.60	255.90	255.60	261.80	274.80	278.20	278.80	278.10	278.80	275.70	274.40	270.40	268.50	260.70	268.20	271.30	272.40	278.70	274.50	271.20	253.80	264.70	244.90	237.50	233.20	233.20	14.13693180	-161.40992934	14.08936165	-161.43891899
235	15	07	11	06	56	51	31		147	147	143	130	126	122	120	121	116	110	105	101	94	88	83	74	64	60	58	51	48	47	45	39	35	32	33	34	33	30	-425	-365	-360	-329	-306	-348	-418	-464	-523	-542	-580	-574	-551	-528	-442	-391	-348	-365	-343	-279	-266	-210	-156	-140	-171	-209	-222	-193	-182	-159	-93	-101	-116	-110	-101	-82	-53	-57	21	103	125	190	169	79	-1	-9	15	12	37	68	93	115	114	90	62	36	11	-25	-20	-43	435	379	378	347	322	358	421	467	523	552	593	605	576	534	442	391	348	365	345	287	282	239	193	166	182	212	222	195	183	165	257.70	254.50	252.10	251.50	251.70	256.70	262.80	263.00	272.30	280.80	282.20	288.30	287.10	278.50	269.90	268.70	272.50	271.90	276.20	283.70	289.30	298.70	306.20	302.70	289.90	279.80	272.80	262.60	263.70	254.90	14.08928781	-161.43897263	14.04483053	-161.47064399
236	15	07	11	07	16	53	02		146	147	141	127	121	120	121	122	118	114	108	102	96	91	81	69	64	60	55	50	48	45	41	36	34	34	36	35	32	30	-409	-353	-356	-321	-297	-305	-345	-412	-441	-507	-570	-630	-635	-608	-542	-490	-475	-469	-387	-320	-280	-247	-234	-255	-306	-319	-263	-245	-221	-245	-62	-70	-76	-64	-65	-81	-121	-93	-23	42	96	129	117	69	51	41	21	14	75	116	126	110	70	47	5	-22	-19	-50	-46	-79	414	360	364	327	304	316	366	422	442	509	578	643	646	612	544	492	475	469	394	340	307	270	244	259	306	320	264	250	226	257	261.40	258.80	257.90	258.70	257.70	255.10	250.70	257.30	267.00	274.70	279.60	281.60	280.40	276.50	275.40	274.80	272.50	271.70	281.00	289.90	294.20	294.00	286.70	280.40	270.90	266.10	265.90	258.50	258.20	252.10	14.04478619	-161.47071968	13.99801986	-161.49281085
237	15	07	11	07	36	47	80		148	151	142	128	124	121	122	122	119	116	110	104	96	88	76	69	63	60	56	52	50	48	42	38	35	34	35	36	34	30	-494	-438	-442	-401	-396	-384	-411	-388	-420	-499	-561	-611	-614	-593	-550	-469	-428	-424	-356	-306	-277	-224	-200	-230	-238	-287	-283	-240	-209	-218	-18	-1	-5	-37	-62	-43	-68	-71	-12	62	62	75	102	123	68	72	72	47	101	129	142	117	77	36	0	-38	-34	-19	-14	-36	494	438	442	403	401	386	417	394	420	503	564	616	622	606	554	474	434	427	370	332	311	253	214	233	238	290	285	241	209	221	267.90	269.90	269.40	264.70	261.10	263.60	260.60	259.60	268.40	277.10	276.30	277.00	279.40	281.70	277.00	278.70	279.50	276.30	285.80	292.90	297.10	297.60	291.10	278.90	270.00	262.50	263.10	265.50	266.20	260.60	13.99794317	-161.49285503	13.95048852	-161.51444086
238	15	07	11	07	56	49	50		148	152	144	130	124	121	119	118	117	116	112	106	100	89	77	69	62	60	60	55	51	50	46	42	36	34	35	36	36	32	-468	-415	-420	-398	-350	-322	-333	-376	-437	-523	-535	-533	-564	-513	-453	-361	-305	-319	-283	-259	-203	-166	-145	-170	-183	-213	-229	-216	-217	-187	82	67	66	35	18	30	66	85	87	87	103	101	107	147	113	92	101	82	93	110	116	102	106	83	49	17	14	52	56	52	475	420	425	400	350	323	339	385	446	530	545	542	574	534	467	373	321	329	298	281	234	195	180	189	189	214	229	222	224	194	279.90	279.20	278.90	275.00	272.90	275.30	281.20	282.70	281.30	279.40	280.90	280.70	280.70	286.00	284.00	284.30	288.30	284.40	288.20	293.00	299.70	301.60	306.20	296.00	285.00	274.60	273.50	283.50	284.50	285.50	13.95041283	-161.51447749	13.90300387	-161.53374631
239	15	07	11	08	16	51	20		150	154	146	133	126	121	118	118	116	113	111	109	104	92	78	68	62	59	58	54	53	54	53	46	39	37	38	38	36	32	-430	-378	-379	-356	-302	-287	-309	-377	-409	-512	-510	-498	-486	-417	-406	-342	-267	-249	-218	-187	-194	-171	-119	-148	-185	-204	-208	-221	-229	-214	102	93	91	85	74	122	174	98	78	109	166	61	-5	69	43	27	37	31	32	48	66	83	103	58	3	-3	14	24	26	30	442	389	390	366	311	312	355	390	416	523	536	502	486	423	408	343	270	251	220	193	205	190	157	159	185	204	208	222	230	216	283.30	283.80	283.50	283.40	283.80	293.00	299.40	284.60	280.80	282.00	288.00	277.00	269.40	279.40	276.00	274.50	277.90	277.10	278.40	284.40	288.80	295.90	310.90	291.40	270.90	269.20	273.90	276.20	276.50	278.00	13.90293337	-161.53378998	13.86049169	-161.56028937
240	15	07	11	08	36	52	89		146	150	148	137	125	120	118	116	116	113	111	110	101	86	74	65	61	59	54	51	57	62	56	46	43	44	43	40	36	32	-452	-416	-390	-389	-361	-313	-300	-357	-428	-470	-455	-412	-401	-392	-352	-301	-246	-235	-221	-224	-157	-120	-116	-115	-158	-195	-183	-212	-217	-229	173	134	138	138	149	180	201	183	123	156	185	35	-28	50	23	-39	-50	-68	-44	-37	17	55	28	3	-48	-24	-5	3	-1	-9	484	437	414	413	391	361	361	401	445	495	491	413	402	395	353	304	251	245	225	227	158	132	119	115	165	196	183	212	217	229	290.90	287.90	289.50	289.50	292.40	299.90	303.80	297.10	286.00	288.40	292.10	274.90	266.00	277.30	273.70	262.60	258.50	253.90	258.70	260.60	276.20	294.60	283.60	271.50	253.10	263.00	268.40	270.80	269.70	267.70	13.86041449	-161.56030982	13.81675685	-161.57570863
241	15	07	11	08	56	47	70		150	154	146	130	122	119	117	117	118	114	111	110	104	90	76	68	66	58	52	56	59	53	47	47	49	46	40	36	33	30	-461	-409	-403	-393	-349	-352	-340	-345	-426	-474	-465	-379	-358	-319	-292	-247	-215	-212	-224	-179	-125	-110	-115	-151	-129	-124	-177	-222	-236	-218	155	169	160	150	158	186	207	137	53	100	172	105	-19	38	6	-53	-96	-84	-91	-86	-60	-50	-111	-106	-83	-48	-28	-59	-65	-59	486	443	434	421	383	398	398	371	429	484	496	393	359	321	292	253	235	228	242	199	139	121	160	184	153	133	179	230	245	226	288.60	292.50	291.70	290.90	294.40	297.90	301.30	291.70	277.10	281.90	290.30	285.50	267.00	276.80	271.20	257.90	245.90	248.40	247.90	244.30	244.40	245.60	226.00	234.90	237.20	248.80	261.00	255.10	254.60	254.90	13.81667370	-161.57572263	13.77450602	-161.59990484
242	15	07	11	09	16	49	39		153	155	141	128	122	119	117	118	117	115	114	110	100	87	76	68	61	54	55	59	58	51	47	48	48	47	44	40	35	31	-488	-449	-447	-408	-343	-329	-327	-320	-432	-509	-469	-370	-270	-204	-167	-153	-146	-178	-139	-87	-61	-71	-94	-100	-113	-157	-185	-191	-207	-215	95	99	115	98	80	77	95	59	54	91	132	106	94	90	-17	-82	-69	-76	-83	-59	-17	-50	-56	-103	-113	-73	-35	-23	-20	-11	497	460	462	420	352	338	341	325	435	517	487	385	286	223	168	174	161	194	162	105	63	87	109	144	160	173	188	192	208	215	281.00	282.40	284.40	283.50	283.10	283.20	286.20	280.40	277.10	280.10	285.70	286.00	289.20	293.80	264.20	241.80	244.70	246.90	239.20	235.90	254.40	234.80	239.20	224.20	225.00	245.10	259.30	263.10	264.50	267.10	13.77443117	-161.59993485	13.73141952	-161.62674252
