"Series Data"
"C:\Data\OceanDataView\ADCP Text Files\S254001_000000.LTA"
"Broadband 76.8 kHz"
"Pings/Ens ="	174
"Time/Ping = 00:02.00"
"First Ensemble Date = 14/07/03"
"First Ensemble Time = 00:25:52.53"
"Ensemble Interval (s) = "	1200.03
"1st Bin Range (m) = "	18.68
"Bin Size (m) ="	10.00


Ens	YR	MO	DA	HH	MM	SS	HH		"EAA"	"EAA"	"EAA"	"EAA"	"EAA"	"EAA"	"EAA"	"EAA"	"EAA"	"EAA"	"EAA"	"EAA"	"EAA"	"EAA"	"EAA"	"EAA"	"EAA"	"EAA"	"EAA"	"EAA"	"EAA"	"EAA"	"EAA"	"EAA"	"EAA"	"EAA"	"EAA"	"EAA"	"EAA"	"EAA"	"Eas"	"Eas"	"Eas"	"Eas"	"Eas"	"Eas"	"Eas"	"Eas"	"Eas"	"Eas"	"Eas"	"Eas"	"Eas"	"Eas"	"Eas"	"Eas"	"Eas"	"Eas"	"Eas"	"Eas"	"Eas"	"Eas"	"Eas"	"Eas"	"Eas"	"Eas"	"Eas"	"Eas"	"Eas"	"Eas"	"Nor"	"Nor"	"Nor"	"Nor"	"Nor"	"Nor"	"Nor"	"Nor"	"Nor"	"Nor"	"Nor"	"Nor"	"Nor"	"Nor"	"Nor"	"Nor"	"Nor"	"Nor"	"Nor"	"Nor"	"Nor"	"Nor"	"Nor"	"Nor"	"Nor"	"Nor"	"Nor"	"Nor"	"Nor"	"Nor"	"Mag"	"Mag"	"Mag"	"Mag"	"Mag"	"Mag"	"Mag"	"Mag"	"Mag"	"Mag"	"Mag"	"Mag"	"Mag"	"Mag"	"Mag"	"Mag"	"Mag"	"Mag"	"Mag"	"Mag"	"Mag"	"Mag"	"Mag"	"Mag"	"Mag"	"Mag"	"Mag"	"Mag"	"Mag"	"Mag"	"Dir"	"Dir"	"Dir"	"Dir"	"Dir"	"Dir"	"Dir"	"Dir"	"Dir"	"Dir"	"Dir"	"Dir"	"Dir"	"Dir"	"Dir"	"Dir"	"Dir"	"Dir"	"Dir"	"Dir"	"Dir"	"Dir"	"Dir"	"Dir"	"Dir"	"Dir"	"Dir"	"Dir"	"Dir"	"Dir"	    "FLat"	    "FLon"	    "LLat"	    "LLon"
									"cnt"	"cnt"	"cnt"	"cnt"	"cnt"	"cnt"	"cnt"	"cnt"	"cnt"	"cnt"	"cnt"	"cnt"	"cnt"	"cnt"	"cnt"	"cnt"	"cnt"	"cnt"	"cnt"	"cnt"	"cnt"	"cnt"	"cnt"	"cnt"	"cnt"	"cnt"	"cnt"	"cnt"	"cnt"	"cnt"	"mm/s"	"mm/s"	"mm/s"	"mm/s"	"mm/s"	"mm/s"	"mm/s"	"mm/s"	"mm/s"	"mm/s"	"mm/s"	"mm/s"	"mm/s"	"mm/s"	"mm/s"	"mm/s"	"mm/s"	"mm/s"	"mm/s"	"mm/s"	"mm/s"	"mm/s"	"mm/s"	"mm/s"	"mm/s"	"mm/s"	"mm/s"	"mm/s"	"mm/s"	"mm/s"	"mm/s"	"mm/s"	"mm/s"	"mm/s"	"mm/s"	"mm/s"	"mm/s"	"mm/s"	"mm/s"	"mm/s"	"mm/s"	"mm/s"	"mm/s"	"mm/s"	"mm/s"	"mm/s"	"mm/s"	"mm/s"	"mm/s"	"mm/s"	"mm/s"	"mm/s"	"mm/s"	"mm/s"	"mm/s"	"mm/s"	"mm/s"	"mm/s"	"mm/s"	"mm/s"	"mm/s"	"mm/s"	"mm/s"	"mm/s"	"mm/s"	"mm/s"	"mm/s"	"mm/s"	"mm/s"	"mm/s"	"mm/s"	"mm/s"	"mm/s"	"mm/s"	"mm/s"	"mm/s"	"mm/s"	"mm/s"	"mm/s"	"mm/s"	"mm/s"	"mm/s"	"mm/s"	"mm/s"	"mm/s"	"mm/s"	"mm/s"	"mm/s"	"mm/s"	"mm/s"	"deg"	"deg"	"deg"	"deg"	"deg"	"deg"	"deg"	"deg"	"deg"	"deg"	"deg"	"deg"	"deg"	"deg"	"deg"	"deg"	"deg"	"deg"	"deg"	"deg"	"deg"	"deg"	"deg"	"deg"	"deg"	"deg"	"deg"	"deg"	"deg"	"deg"	     "deg"	     "deg"	     "deg"	     "deg"
									31	32	33	34	35	36	37	38	39	40	41	42	43	44	45	46	47	48	49	50	51	52	53	54	55	56	57	58	59	60	31	32	33	34	35	36	37	38	39	40	41	42	43	44	45	46	47	48	49	50	51	52	53	54	55	56	57	58	59	60	31	32	33	34	35	36	37	38	39	40	41	42	43	44	45	46	47	48	49	50	51	52	53	54	55	56	57	58	59	60	31	32	33	34	35	36	37	38	39	40	41	42	43	44	45	46	47	48	49	50	51	52	53	54	55	56	57	58	59	60	31	32	33	34	35	36	37	38	39	40	41	42	43	44	45	46	47	48	49	50	51	52	53	54	55	56	57	58	59	60

1	14	07	03	00	25	52	53		54	54	54	53	54	54	53	54	53	53	53	53	54	53	53	53	53	53	52	53	52	53	52	53	52	52	52	52	53	52	-604	-595	-684	-696	-1102	-1360	-506	-1195	-894																						-1685	-1759	-1757	-1877	-2171	-1704	-1873	-1597	-2874																						1790	1857	1885	2002	2435	2180	1940	1995	3010																						199.70	198.70	201.30	200.30	206.90	218.60	195.10	216.80	197.30																						21.30602530	-157.86645630	21.28011969	-157.87945848
2	14	07	03	00	45	54	22		44	46	48	48	48	47	47	47	48	50	52	55	57	59	61	62	62	58	51	42	35	29	24	21	19	18	17	16	16	16	-317	-315	-316	-322	-338	-381	-430	-447	-505	-459	-623	-767	-643	-450	-372	-372	-282	-264	-228	-248	-124	-122	-70	-256	-599	-752	-705	-727	-982	-824	-886	-821	-804	-860	-922	-975	-1010	-1143	-1289	-1376	-1555	-1638	-1527	-1353	-1141	-868	-545	-419	-529	-580	-447	-273	-349	-856	-2011	-2116	-2289	-2396	-2361	-2238	941	879	864	918	982	1047	1098	1227	1384	1451	1675	1809	1657	1426	1200	944	614	495	576	631	464	299	356	893	2098	2246	2395	2504	2557	2385	199.70	201.00	201.50	200.50	200.10	201.30	203.10	201.40	201.40	198.40	201.80	205.10	202.80	198.40	198.10	203.20	207.40	212.20	203.30	203.20	195.50	204.10	191.30	196.70	196.60	199.60	197.10	196.90	202.60	200.20	21.28004869	-157.87948036	21.24186720	-157.89543430
3	14	07	03	01	05	55	92		18	21	23	25	26	25	25	24	22	22	23	26	30	39	43	52	70	89	100	101	95	83	70	54	39	28	21	17	15	14	-7	-48	-94	-128	-103	-116	-125	-139	-100	-87	-22	141	-334	-504	-379	-208	-272	-333	-103	-16	2	4	7	232	445	531	428				100	77	130	103	91	112	79	38	12	-5	-78	-488	-901	-1082	-1259	-1253	-842	-519	-182	-27	80	138	86	5	-141	-233	-618				100	91	160	164	137	161	148	144	101	87	81	508	961	1194	1315	1270	885	617	209	31	80	138	86	232	467	580	752				356.00	328.10	324.10	308.80	311.50	314.00	302.30	285.30	276.80	266.70	195.80	163.90	200.30	205.00	196.80	189.40	197.90	212.70	209.50	210.70	1.40	1.70	4.70	88.80	107.60	113.70	145.30				21.24180702	-157.89545434	21.21225402	-157.90470636
4	14	07	03	01	25	57	63		25	26	27	29	32	32	31	29	27	26	26	26	26	30	32	35	44	59	72	79	79	73	63	50	36	24	17	14	13	12	-88	-117	-132	-127	-142	-120	-113	-109	-79	-46	-9	64	-178	-395	-421	-366	-450	-471	-241	-117	-53	-4	13	190	390	1546					53	57	85	99	151	135	161	139	106	98	57	-89	-283	-446	-659	-802	-654	-497	-224	-97	18	104	121	-26	66	401					103	130	157	161	207	181	197	177	132	108	58	110	334	596	782	882	794	685	329	152	56	104	122	192	396	1597					301.10	296.00	302.80	307.90	316.80	318.40	324.90	321.90	323.30	334.90	351.00	144.30	212.20	221.50	212.60	204.50	214.50	223.50	227.10	230.30	288.80	357.80	6.10	97.80	80.40	75.50					21.21214187	-157.90474484	21.18899650	-157.91935952
5	14	07	03	01	45	59	31		33	33	31	29	28	28	26	24	24	24	26	27	30	32	32	32	31	32	40	54	72	86	86	73	55	38	26	18	15	14	-67	-88	-94	-113	-101	-70	-36	-50	-20	19	10	-13	0	-27	-105	-184	-185	-162	-217	-243	-160	-66	-14	14	128	142	395	623			50	55	43	61	107	131	182	166	181	132	99	43	4	-45	-103	-215	-398	-516	-574	-423	-232	-48	85	169	176	151	39	122			84	104	103	128	147	149	186	173	182	133	100	45	4	52	147	283	439	541	614	488	282	82	86	170	218	207	397	635			306.70	302.00	294.60	298.40	316.70	331.90	348.80	343.20	353.70	8.20	5.80	343.20	0.00	211.00	225.60	220.60	204.90	197.40	200.70	209.90	214.60	234.00	350.60	4.70	36.00	43.20	84.40	78.90			21.18894168	-157.91938215	21.15631169	-157.93416817
6	14	07	03	02	05	54	13		41	39	36	32	28	24	23	24	25	26	28	30	32	33	32	32	32	33	38	48	64	76	80	74	62	48	36	27	21	17	-66	-70	-86	-109	-129	-117	-99	-95	-19	23	12	6	-17	-4	-78	-183	-156	-48	-112	-217	-188	-136	-67	-32	-11	145	228	277	-621	-40	51	52	49	58	49	74	59	77	101	66	61	12	14	-36	-99	-209	-329	-456	-492	-458	-335	-168	-16	48	121	78	-37	-342	-2099	-2732	83	87	99	123	138	138	115	122	103	70	62	13	22	36	126	278	364	459	505	507	384	216	69	58	121	165	231	440	2189	2732	307.70	306.60	299.70	298.00	290.80	302.30	300.80	309.00	349.30	19.20	11.10	26.60	309.50	186.30	218.20	221.20	205.40	186.00	192.80	205.40	209.30	219.00	256.60	326.30	354.80	61.70	99.20	141.00	196.50	180.80	21.15625603	-157.93419197	21.12230496	-157.94761567
7	14	07	03	02	25	55	81		39	38	37	34	32	29	28	31	34	36	38	38	38	36	35	35	36	36	38	44	52	58	60	60	58	57	53	47	40	33	-114	-117	-111	-121	-96	-97	-83	-60	5	14	-41	-43	-54	-72	-56	-101	-102	-57	-75	-190	-222	-163	-90	-50	-79	-22	41	-98	-23	-229	-17	23	24	39	59	39	16	27	42	37	26	27	25	23	-13	-93	-192	-246	-287	-359	-352	-321	-274	-182	-127	-70	-136	-197	-39	-258	115	119	114	127	113	105	85	66	42	40	49	51	60	76	57	137	217	253	297	406	416	360	288	189	150	73	142	220	45	345	261.50	281.10	282.20	287.90	301.60	291.90	280.90	294.20	6.80	20.70	302.40	302.10	294.80	287.70	256.90	227.40	208.00	193.00	194.60	207.90	212.20	206.90	198.20	195.40	211.90	197.40	163.20	206.40	210.50	221.60	21.12224679	-157.94763948	21.08912696	-157.96167917
8	14	07	03	02	45	57	50		36	34	30	26	23	23	24	29	36	41	44	44	44	43	42	40	38	34	30	30	34	40	46	54	60	66	68	64	57	47	-106	-127	-144	-146	-140	-143	-113	-83	-70	-42	-46	-33	-58	-56	-20	-15	-16	-10	-30	-137	-354	-433	-414	-276	-207	-121	-33	35	181	59	-31	-31	-8	12	-32	-43	-57	-39	-51	-18	-15	-21	-6	8	-4	15	-41	-133	-342	-684	-786	-864	-828	-579	-389	-180	-33	8	-80	-148	110	131	144	146	144	149	127	92	87	46	48	39	58	57	20	21	44	133	343	698	862	966	926	641	441	217	47	36	198	159	253.70	256.30	266.80	274.70	257.10	253.30	243.20	244.80	233.90	246.80	251.90	237.50	264.10	278.10	258.70	315.00	201.30	184.30	185.00	191.30	204.20	206.60	206.60	205.50	208.00	213.90	225.00	77.10	113.80	158.30	21.08901883	-157.96173968	21.05653963	-157.97584852
9	14	07	03	03	05	59	19		32	27	23	20	20	21	25	32	39	44	46	46	46	45	45	44	44	42	42	42	49	61	72	82	90	92	90	84	75	64	-45	-76	-79	-87	-123	-81	-56	-79	-44	-44	-23	-34	-13	-8	30	-11	-158	-224	-253	-416	-625	-702	-488	-319	-244	-162	-77	17	50	40	-70	-76	-55	-27	-59	-46	-59	-42	-8	-39	-47	-47	-59	-37	-74	-168	-355	-512	-687	-846	-959	-1022	-924	-734	-448	-202	-55	87	131	130	83	107	96	91	136	93	81	89	45	59	52	58	60	38	80	168	389	559	732	943	1145	1240	1045	800	510	259	95	89	140	136	212.70	225.00	235.20	252.80	244.40	240.40	223.50	242.00	259.70	228.40	206.10	215.90	192.40	192.20	157.90	183.70	204.00	203.60	200.20	206.20	213.10	214.50	207.80	203.50	208.60	218.70	234.50	11.10	20.90	17.10	21.05647685	-157.97586151	21.02258219	-157.99040554
10	14	07	03	03	25	54	02		24	21	21	22	22	24	28	35	41	47	49	48	45	44	42	42	40	38	34	32	31	29	27	27	30	35	42	46	48	46	-93	-114	-122	-130	-102	-66	-46	-38	-52	-23	-25	4	-6	-28	-28	-21	-1	23	54	5	-75	-134	-235	-299	-266	-235	-155	-107	-132	-147	-29	-58	-61	-39	-45	-51	-71	-94	-104	-95	-108	-126	-115	-130	-114	-114	-105	-111	-150	-216	-285	-394	-518	-560	-536	-497	-394	-312	-196	-146	97	128	136	136	111	83	85	101	116	98	111	126	115	133	117	116	105	113	159	216	295	416	569	635	598	550	423	330	236	207	252.70	243.00	243.40	253.30	246.20	232.30	212.90	202.00	206.60	193.60	193.00	178.20	183.00	192.20	193.80	190.40	180.50	168.30	160.20	178.70	194.70	198.80	204.40	208.10	206.40	205.30	201.50	198.90	214.00	225.20	21.02252729	-157.99044318	20.98970636	-158.00540169
11	14	07	03	03	45	55	70		28	26	22	21	21	22	26	30	36	42	46	47	45	43	42	40	37	35	32	29	28	25	23	21	20	18	18	17	16	16	-116	-116	-81	-97	-100	-96	-72	-66	-73	-47	-15	-12	-25	-24	-43	-31	-9	0	12	-7	-10	-54	-63	-74	-77	-118	-55	-83	-87	-22	91	53	-4	-17	-16	4	-26	-33	-68	-41	-52	-56	-80	-82	-80	-67	-65	-71	-79	-96	-101	-69	-83	-21	-4	-35	-28	-22	-40	-53	147	128	81	98	101	96	77	74	100	62	54	57	84	85	91	74	66	71	80	96	101	88	104	77	77	123	62	86	96	57	308.10	294.60	267.20	260.10	260.90	272.40	250.10	243.40	227.00	228.90	196.10	192.10	197.40	196.30	208.30	204.80	187.90	180.00	171.40	184.20	185.70	218.00	217.20	254.20	267.00	253.50	243.00	255.20	245.30	202.50	20.98965565	-158.00544150	20.95724031	-158.02074417
12	14	07	03	04	05	57	42		30	26	24	24	25	28	31	36	40	44	46	45	43	40	38	36	33	31	29	28	26	24	24	22	21	20	18	17	16	16	-113	-94	-59	-99	-109	-112	-92	-94	-70	-32	-40	-26	-14	6	-13	-7	9	-16	-14	-8	-9	-31	-12	-8	-30	-3	2	-6	33	-40	92	70	15	-9	3	14	-6	6	-6	8	10	-23	-49	-49	-65	-64	-69	-99	-104	-125	-115	-107	-90	-76	-64	-63	-38	-39	-50	-27	146	117	61	99	109	113	92	94	70	33	41	35	51	49	66	64	70	100	105	125	115	111	91	76	71	63	38	39	60	48	309.20	306.70	284.30	264.80	271.60	277.10	266.30	273.70	265.10	284.00	284.00	228.50	195.90	173.00	191.30	186.20	172.60	189.20	187.70	183.70	184.50	196.20	187.60	186.00	205.10	182.70	177.00	188.70	146.60	236.00	20.95718566	-158.02075566	20.92458903	-158.03610284
13	14	07	03	04	25	59	17		34	33	33	32	34	34	36	39	44	46	47	46	44	42	39	36	34	31	28	26	23	22	22	21	20	19	18	17	16	14	-119	-112	-129	-155	-143	-118	-148	-109	-86	-75	-51	-29	5	14	8	2	19	-4	11	21	24	1	-7	-3	4	41	49	85	41	-34	94	78	44	13	31	3	17	16	50	66	61	55	63	64	43	33	45	23	28	8	43	13	-23	-19	-21	-11	-9	15	-5	-136	152	136	136	156	146	118	149	110	99	100	80	62	63	66	44	33	49	23	30	22	49	13	24	19	21	42	50	86	41	140	308.30	304.90	288.80	274.80	282.20	271.50	276.60	278.40	300.20	311.30	320.10	332.20	4.50	12.30	10.50	3.50	22.90	350.10	21.40	69.10	29.20	4.40	196.90	189.00	169.20	105.00	100.40	80.00	97.00	194.00	20.92453253	-158.03611466	20.88863452	-158.04986349
14	14	07	03	04	45	53	97		43	40	38	35	34	35	39	42	46	48	48	47	45	42	39	36	32	28	26	23	21	20	20	20	20	20	18	17	16	15	-26	-45	-62	-75	-62	-88	-124	-113	-128	-97	-64	-31	1	2	-29	-29	-42	-11	0	-30	-45	-21	-4	-18	-5	-26	3	43	-30	114	65	69	39	-2	-1	-13	-47	-54	-59	-33	-34	-29	-18	-29	-55	-74	-79	-67	-44	-25	-53	-60	-27	-85	-38	-80	-54	-68	-125	-58	70	82	73	75	62	89	133	125	141	102	72	42	18	29	62	79	89	68	44	39	70	64	27	87	38	84	54	80	129	128	338.20	326.90	302.20	268.50	269.10	261.60	249.20	244.50	245.30	251.20	242.00	226.90	176.80	176.10	207.80	201.40	208.00	189.30	180.00	230.20	220.30	199.30	188.40	192.00	187.50	198.00	176.80	147.70	193.50	117.00	20.88856570	-158.04986500	20.85322467	-158.05920814
15	14	07	03	05	05	55	75		46	44	42	40	40	39	41	44	46	46	46	46	45	44	41	38	36	32	30	28	27	25	24	23	21	19	18	16	15	14	-23	-32	-28	-37	-51	-74	-92	-99	-90	-91	-102	-67	-59	-45	-37	-42	-57	-44	-27	-19	-8	-2	20	53	73	64	23	68	20	-18	94	101	83	82	65	58	28	7	6	1	-20	-47	-33	-37	-31	-7	-45	-65	-73	-90	-53	-50	-43	-14	-14	-28	9	24	-56	-9	97	106	88	90	83	94	96	99	90	91	104	82	68	58	48	43	73	78	78	92	54	50	47	55	74	70	25	72	59	20	346.30	342.40	341.40	335.70	321.90	308.10	286.90	274.00	273.80	270.60	258.90	235.00	240.80	230.60	230.00	260.50	231.70	214.10	200.30	191.90	188.60	182.30	155.10	104.80	100.90	113.60	68.60	70.60	160.30	243.40	20.85316968	-158.05921837	20.82162087	-158.07022230
16	14	07	03	05	25	57	45		48	46	44	42	40	40	39	40	43	44	44	43	41	40	38	37	35	33	30	28	26	24	22	21	19	18	16	15	14	13	-17	-31	-18	-2	-28	-11	-56	-52	-63	-58	-88	-66	-58	-60	-68	-47	-77	-90	-73	-60	-33	-34	9	20	62	68	32	-35	-3	-27	139	159	138	123	139	111	78	40	41	6	10	-7	-42	-50	-58	-17	20	35	26	4	-4	-8	0	29	14	20	81	99	72	-44	140	162	139	123	142	112	96	66	75	58	89	66	72	78	89	50	80	97	77	60	33	35	9	35	64	71	87	105	72	52	353.00	349.00	352.60	359.10	348.60	354.30	324.30	307.60	303.10	275.90	276.50	263.90	234.10	230.20	229.50	250.10	284.60	291.30	289.60	273.80	263.10	256.80	90.00	34.60	77.30	73.60	21.60	340.50	357.60	211.50	20.82151802	-158.07027401	20.79281436	-158.08471167
17	14	07	03	05	45	59	14		46	44	42	38	36	36	34	36	40	42	42	42	41	40	37	34	30	28	26	26	24	22	21	20	18	17	16	14	14	14	-43	-14	3	0	-4	-13	-7	-50	-49	-43	-11	-26	-3	15	-3	-22	-42	-68	-92	-46	-34	-8	4	15	48	48	-54	53	-190	191	36	70	100	79	57	54	32	-20	-55	-52	-56	-88	-79	-39	-28	-22	-15	2	-13	-9	-5	18	39	28	35	-14	92	62	53	-209	56	71	100	79	57	56	33	54	74	67	57	92	79	42	28	31	45	68	93	47	34	20	39	32	59	50	107	82	197	283	309.90	348.70	1.70	0.00	356.00	346.50	347.70	248.20	221.70	219.60	191.10	196.50	182.20	159.00	186.10	225.00	250.30	271.70	262.00	258.90	261.60	336.00	5.90	28.20	53.90	106.30	329.60	40.50	285.60	137.60	20.79276633	-158.08472970	20.76469014	-158.09643754
18	14	07	03	06	05	53	92		40	38	37	35	34	33	34	34	35	37	38	38	38	38	34	32	29	27	26	25	24	22	21	18	17	16	14	14	13	13	-55	-64	-47	-5	-48	-30	-59	-67	-36	-32	8	22	30	14	-14	-26	-52	-51	-33	9	-4	25	14	-6	-15	-60	-52	131	111	-34	35	45	79	78	40	15	9	-5	-27	-50	-49	-43	-22	20	31	6	1	-5	7	1	53	6	38	45	37	8	33	-109	-293	45	65	78	92	78	62	34	60	67	45	59	50	48	37	24	34	27	52	51	34	9	53	26	40	45	40	61	62	170	313	56	302.50	305.10	329.30	356.30	309.80	296.60	278.70	265.70	233.10	212.60	170.70	152.90	126.30	35.00	335.70	283.00	271.10	264.40	282.00	83.70	355.70	76.50	20.20	352.40	337.90	277.60	302.40	129.80	159.30	322.90	20.76463952	-158.09644667	20.73750621	-158.10464619
19	14	07	03	06	25	55	61		35	35	34	32	29	27	28	32	36	38	38	39	40	38	35	32	28	26	24	23	22	22	20	19	17	16	15	14	13	13	-77	-60	-36	-13	-31	-41	-59	-69	-49	-36	-16	-15	-19	-19	-60	-78	-92	-103	-109	-100	-70	-76	-66	-27	-52	-33	-59	-120	12		29	35	56	83	80	80	62	24	28	30	11	9	16	21	-6	-11	-19	-50	-43	-29	-1	16	29	21	18	86	-12	59	240		82	69	67	84	86	90	86	73	56	47	19	17	25	28	60	79	94	114	117	104	70	78	72	34	55	92	60	134	240		290.60	300.30	327.30	351.10	338.80	332.90	316.40	289.20	299.70	309.80	304.50	301.00	310.10	317.90	264.30	262.00	258.30	244.10	248.50	253.80	269.20	281.90	293.70	307.90	289.10	339.00	258.50	296.20	2.90		20.73746363	-158.10467083	20.71297070	-158.11496280
20	14	07	03	06	45	57	30		34	33	32	28	26	23	24	28	34	37	37	37	36	36	33	30	28	28	27	27	25	23	20	18	16	16	15	13	13	13	-106	-101	-87	-34	-9	-23	-55	-50	-36	-4	-8	-9	-13	18	1	-18	-85	-76	-76	-70	-61	-36	-80	-55	-33	-135	-67	-97	-145		32	38	68	82	66	69	58	48	-3	-7	3	27	25	46	49	26	7	-6	-1	-24	12	21	40	49	48	85	143	102	-247		111	108	110	89	67	73	80	69	36	8	9	28	28	49	49	32	85	76	76	74	62	42	89	74	58	160	158	141	286		286.80	290.60	308.00	337.50	352.20	341.60	316.50	313.80	265.20	209.70	290.60	341.60	332.50	21.40	1.20	325.30	274.70	265.50	269.20	251.10	281.10	300.30	296.60	311.70	325.50	302.20	334.90	316.40	210.40		20.71292929	-158.11498116	20.68913014	-158.12531563
21	14	07	03	07	05	58	98		33	32	29	26	23	20	19	22	28	33	34	34	34	34	32	30	29	28	27	26	23	20	18	17	18	18	16	14	13	12	-87	-79	-78	-59	-49	-73	-123	-142	-115	-68	-44	-41	-38	-25	8	-7	-7	-27	-29	-24	-27	-31	-67	-36	-54	-82	-12	-34	5	-16	28	17	6	28	-2	15	11	15	1	29	26	15	2	20	80	70	67	44	18	27	37	30	-5	-19	45	66	102	125	-1	-69	91	81	78	65	49	75	123	143	115	74	51	44	38	32	80	70	67	52	34	36	46	43	67	41	70	105	103	130	5	71	287.80	282.10	274.40	295.40	267.70	281.60	275.10	276.00	270.50	293.10	300.60	290.10	273.00	308.70	5.70	354.30	354.00	328.50	301.80	318.40	323.90	314.10	265.70	242.20	309.80	308.80	353.30	344.80	101.30	193.10	20.68909200	-158.12533348	20.66634620	-158.13518884
22	14	07	03	07	25	53	77		32	28	25	23	21	19	20	24	32	37	37	35	32	29	29	28	27	24	22	22	20	19	18	19	19	17	16	14	14	13	-47	-12	-29	-44	-49	-68	-86	-121	-82	-67	-30	-48	-29	-28	-28	-4	-4	26	-3	20	25	6	27	22	19	-34	-7	-41	92	-45	137	45	44	35	65	56	56	60	79	85	45	31	15	-10	-12	12	49	71	51	60	38	8	2	-11	22	17	63	121	104	-32	145	47	53	56	81	88	103	135	114	108	54	57	33	30	30	13	49	76	51	63	45	10	27	25	29	38	63	128	139	55	341.10	345.10	326.60	308.50	323.00	309.50	303.10	296.40	313.90	321.80	326.30	302.90	297.30	250.30	246.80	341.60	355.30	20.10	356.60	18.40	33.30	36.90	85.80	116.60	40.80	296.60	353.70	341.30	41.50	234.60	20.66630563	-158.13518498	20.64389032	-158.14490480
23	14	07	03	07	45	55	47		27	25	24	22	20	18	18	23	31	36	36	34	32	31	28	25	23	22	20	18	19	20	20	18	17	16	15	14	13	13	-87	-65	-35	-35	-64	-110	-116	-120	-63	-60	-37	-29	-43	-49	-43	-32	-12	-36	-20	11	-13	29	13	-38	-6	-13	-19	-11	-14	8	91	67	82	101	83	75	91	80	99	107	68	47	60	67	78	75	43	59	52	13	11	-15	-88	-47	-54	-42	14	-28	-77	304	126	93	89	107	105	133	147	144	117	123	77	55	74	83	89	82	45	69	56	17	17	33	89	60	54	44	24	30	78	304	316.30	315.90	336.90	340.90	322.40	304.30	308.10	303.70	327.50	330.70	331.40	328.30	324.40	323.80	331.10	336.90	344.40	328.60	339.00	40.20	310.20	117.30	171.60	219.00	186.30	197.20	306.40	201.40	190.30	1.50	20.64385168	-158.14491101	20.62315534	-158.15509083
24	14	07	03	08	05	57	19		25	24	22	21	19	18	19	23	30	35	37	34	31	31	30	28	24	21	21	21	18	17	17	17	17	16	15	14	13	13	-73	-39	-2	-16	-36	-48	-83	-103	-98	-70	-70	-62	-51	-49	-32	-23	-53	-67	-49	-51	10	-40	-3	-13	-23	14	14	-14	-28	67	165	143	136	163	163	135	152	150	167	173	205	151	127	113	137	162	122	83	102	88	69	50	1	-45	-30	-55	14	4	146	23	180	148	136	164	167	143	173	182	194	187	217	163	137	123	141	164	133	107	113	102	70	64	3	47	38	57	20	15	149	71	336.10	344.70	359.20	354.40	347.50	340.40	331.40	325.50	329.60	338.00	341.10	337.70	338.10	336.60	346.90	351.90	336.50	321.10	334.30	329.90	8.20	321.30	288.40	196.10	217.50	165.70	45.00	285.90	349.10	71.10	20.62312064	-158.15509401	20.60337882	-158.16564264
25	14	07	03	08	25	58	88		24	22	21	20	19	19	21	26	33	37	36	32	30	28	26	24	24	23	21	19	18	18	18	17	17	16	15	14	14	13	-122	-91	-95	-63	-80	-90	-103	-102	-87	-65	-72	-82	-78	-34	-59	-65	-35	-56	-52	-45	-8	-17	-33	-63	-78	-35	-78	-114	-119	-97	144	93	96	156	130	104	129	153	188	213	215	169	148	131	168	181	144	149	130	159	66	73	39	53	13	-16	36	16	-96	248	189	130	135	168	153	138	165	184	207	223	227	188	167	135	178	192	148	159	140	165	66	75	51	82	79	38	86	115	153	266	319.70	315.60	315.30	338.00	328.40	319.10	321.40	326.30	335.20	343.00	341.50	334.10	332.20	345.50	340.60	340.20	346.30	339.40	338.20	344.20	353.10	346.90	319.80	310.10	279.50	245.40	294.80	278.00	231.10	338.60	20.60336030	-158.16566016	20.58490318	-158.17614952
26	14	07	03	08	45	53	69		24	23	21	19	18	18	21	30	37	36	32	30	30	29	27	24	22	20	18	18	18	18	18	18	17	17	16	14	13	12	-169	-135	-124	-100	-146	-175	-153	-122	-91	-93	-126	-113	-98	-71	-89	-73	-41	-33	-15	2	-10	-44	-80	-74	-85	-50	-5	-84	83	21	54	68	55	122	131	126	76	119	135	147	125	116	132	131	156	161	137	142	101	71	28	39	26	42	18	73	69	9	91	-99	177	151	136	158	196	216	171	170	163	174	177	162	164	149	180	177	143	146	102	71	30	59	84	85	87	88	69	84	123	101	287.70	296.70	293.90	320.70	311.90	305.80	296.40	314.30	326.00	327.70	314.80	315.80	323.40	331.50	330.30	335.60	343.30	346.90	351.60	1.60	340.30	311.60	288.00	299.60	282.00	325.60	355.90	276.10	42.40	168.00	20.58487586	-158.17617400	20.56984065	-158.18498665
27	14	07	03	09	05	55	41		23	22	20	19	18	17	18	24	30	36	37	34	31	29	28	26	24	21	19	19	20	20	19	18	17	17	16	14	14	12	-147	-158	-164	-163	-175	-156	-164	-128	-128	-92	-86	-53	-69	-92	-93	-96	-88	-63	-32	-12	8	-32	-38	-68	-111	-47	-62	-14	6	-145	65	96	123	133	185	183	123	142	182	167	180	168	148	160	158	149	177	165	166	119	61	54	48	43	40	48	88	68	37	-265	161	185	205	210	255	240	205	191	223	191	199	176	163	185	183	177	198	177	169	120	62	63	61	80	118	67	108	69	37	302	293.90	301.30	306.90	309.20	316.60	319.60	306.90	318.00	324.90	331.10	334.50	342.50	335.00	330.10	329.50	327.20	333.60	339.10	349.10	354.20	7.50	329.30	321.60	302.30	289.80	315.60	324.80	348.40	9.20	208.70	20.56981986	-158.18500131	20.55705716	-158.19472617
28	14	07	03	09	25	57	11		23	21	20	19	18	17	16	15	17	24	34	38	34	30	27	25	23	21	19	19	19	19	19	18	17	16	15	14	13	12	-135	-135	-177	-136	-92	-119	-135	-146	-195	-118	-79	-56	-81	-104	-104	-65	-94	-73	-66	-45	-31	-74	-69	-82	-90	-109	-81	-66	-308	-370	84	55	102	127	105	168	182	149	131	115	141	154	169	139	152	156	163	151	155	127	84	114	61	34	41	101	85	96	-19	-84	159	146	204	186	140	206	227	209	235	165	162	164	187	174	184	169	188	168	168	135	90	136	92	89	99	149	117	116	309	379	301.90	292.20	300.00	313.00	318.80	324.70	323.40	315.60	303.90	314.30	330.70	340.00	334.40	323.20	325.60	337.40	330.00	334.20	336.90	340.50	339.70	327.00	311.50	292.50	294.50	312.80	316.40	325.50	266.50	257.20	20.55703302	-158.19474570	20.54050030	-158.20503297
29	14	07	03	09	45	58	80		22	21	19	18	17	17	16	16	19	28	35	36	36	34	32	29	26	24	21	20	19	19	19	18	17	16	16	14	14	13	-122	-147	-190	-185	-164	-154	-149	-184	-211	-174	-120	-115	-129	-115	-86	-105	-106	-111	-116	-120	-146	-90	-46	-82	-126	-134	-112	-5	-98	-631	116	133	103	92	126	93	45	-17	-5	52	107	130	116	115	138	142	131	143	146	158	140	110	113	63	68	60	84	154	54	-6	168	198	216	207	207	180	156	185	211	182	161	174	173	163	163	177	169	181	186	198	202	142	122	103	143	147	140	154	112	631	313.60	312.10	298.50	296.40	307.50	301.10	286.80	264.70	268.60	286.60	311.70	318.50	312.00	315.00	328.10	323.50	321.00	322.20	321.50	322.80	313.80	320.70	337.80	307.50	298.40	294.10	306.90	358.10	298.90	269.50	20.54046669	-158.20506298	20.51124746	-158.22535448
30	14	07	03	10	05	53	59		24	21	20	19	18	17	18	19	24	31	35	36	36	34	31	28	27	25	22	20	20	19	20	19	17	16	16	15	14	14	-76	-99	-108	-93	-117	-54	-35	-163	-145	-104	-67	-63	-19	-35	-49	-51	-56	-83	-76	-111	-48	-83	-91	-70	-105	-72	8	-93	20		131	114	87	79	122	131	80	2	74	122	123	121	132	148	131	133	122	106	117	137	160	181	143	137	150	156	117	182	-214		151	151	139	122	169	142	87	163	163	160	140	136	133	152	140	142	134	135	140	176	167	199	169	154	183	172	117	204	215		329.90	319.00	308.90	310.30	316.20	337.60	336.40	270.70	297.00	319.60	331.40	332.50	351.80	346.70	339.50	339.00	335.30	321.90	327.00	321.00	343.30	335.40	327.50	332.90	325.00	335.20	3.90	332.90	174.70		20.51117831	-158.22537904	20.47455417	-158.24757784
31	14	07	03	10	25	55	42		26	23	20	18	18	18	18	20	23	27	30	31	32	32	31	30	27	25	24	22	21	21	19	18	18	17	16	15	14	14	-41	-59	-93	-111	-117	-94	-169	-138	-137	-150	-146	-124	-102	-98	-86	-89	-68	-75	-59	-67	-58	-66	-65	-80	-72	-39	25	83	69		109	95	94	104	134	151	84	44	90	83	112	116	104	121	131	152	181	200	168	178	190	192	164	145	207	180	196	193	360		116	112	132	152	178	178	189	145	164	171	184	170	146	156	157	176	193	214	178	190	199	203	176	166	219	184	198	210	367		339.40	328.20	315.30	313.10	318.90	328.10	296.40	287.70	303.30	299.00	307.50	313.10	315.60	321.00	326.70	329.60	339.40	339.40	340.60	339.40	343.00	341.00	338.40	331.10	340.80	347.80	7.30	23.30	10.90		20.47449198	-158.24761053	20.43595232	-158.26595348
32	14	07	03	10	45	57	13		27	25	22	20	18	18	17	18	20	25	31	34	35	36	36	33	30	26	24	23	22	19	18	17	17	16	15	14	14	13	-44	-82	-68	-108	-152	-175	-198	-152	-161	-175	-157	-138	-125	-149	-138	-114	-80	-133	-134	-133	-104	-118	-120	-132	-72	-68	-72	-19	145		95	58	81	107	99	136	193	109	70	96	135	117	136	125	151	154	172	193	215	226	234	287	211	230	220	187	198	203	-184		105	100	106	152	181	222	277	187	176	200	207	181	185	194	205	192	190	234	253	262	256	310	243	265	231	199	211	204	234		335.10	305.30	320.00	314.70	303.10	307.90	314.30	305.60	293.50	298.70	310.70	310.30	317.40	310.00	317.60	323.50	335.10	325.40	328.10	329.50	336.00	337.60	330.40	330.10	341.90	340.00	340.00	354.70	141.80		20.43582701	-158.26600268	20.39754954	-158.28460649
33	14	07	03	11	05	58	81		30	26	22	20	18	17	16	17	19	22	27	32	35	36	35	33	31	28	27	25	24	22	20	19	18	17	16	15	14	14	0	8	-18	-98	-130	-143	-175	-109	-145	-185	-165	-171	-175	-134	-136	-118	-116	-147	-147	-117	-119	-86	-123	-103	-81	-29	-53	-50	94		100	83	88	116	103	129	100	128	71	85	120	102	137	153	147	163	169	145	162	190	204	219	221	229	177	227	233	170	-52		100	83	90	152	166	193	202	168	161	204	204	199	222	203	200	201	205	206	219	223	236	235	253	251	195	229	239	177	107		0.00	5.50	348.40	319.80	308.40	312.10	299.70	319.60	296.10	294.70	306.00	300.80	308.10	318.80	317.20	324.10	325.50	314.60	317.80	328.40	329.70	338.60	330.90	335.80	335.40	352.70	347.20	343.60	119.00		20.39749280	-158.28465502	20.36207397	-158.30652483
34	14	07	03	11	25	53	61		26	25	24	22	20	20	20	21	24	28	32	36	36	34	32	31	30	28	27	25	24	22	21	19	18	18	16	16	14	14	-34	-19	-58	-47	-102	-70	-124	-101	-144	-155	-158	-153	-134	-107	-119	-133	-84	-81	-61	-61	-74	-81	-61	-83	-73	-45	-39	-68	-169	-223	59	81	89	119	123	122	69	47	33	39	67	91	117	137	150	135	163	194	185	206	213	243	244	245	254	248	197	322	392	323	68	83	106	128	160	141	142	111	148	160	172	178	178	174	191	190	183	210	195	215	225	256	252	259	264	252	201	329	427	393	330.00	346.80	326.90	338.40	320.30	330.20	299.10	295.00	282.90	284.10	293.00	300.70	311.10	322.00	321.60	315.40	332.70	337.30	341.80	343.50	340.80	341.60	346.00	341.30	344.00	349.70	348.80	348.10	336.70	325.40	20.36200969	-158.30656179	20.32552167	-158.32553566
35	14	07	03	11	45	55	31		26	24	21	20	19	18	19	22	25	29	32	33	34	34	32	32	31	29	28	27	24	22	20	18	18	17	16	15	14	14	-87	-117	-117	-67	-98	-80	-126	-96	-113	-154	-156	-144	-141	-126	-110	-114	-76	-74	-43	-43	-16	-24	-41	-35	-66	-11	7	-136	-169	80	74	68	76	66	95	53	16	37	10	21	64	109	124	142	148	172	161	185	211	231	242	230	214	190	169	133	123	159	487	163	114	135	140	94	136	96	127	103	113	155	169	181	188	190	184	206	178	199	215	235	243	231	218	193	181	133	123	209	515	182	310.40	300.20	303.00	314.60	314.10	303.50	277.20	291.10	275.10	277.80	292.30	307.10	311.30	318.40	323.40	326.50	334.70	338.20	348.50	349.50	356.20	354.00	349.20	349.60	338.70	355.30	3.30	319.50	340.90	26.10	20.32546685	-158.32557849	20.29018063	-158.34189001
36	14	07	03	12	05	57	00		30	29	25	22	20	20	23	26	30	30	31	34	36	37	36	33	30	28	27	24	22	21	20	20	18	18	17	16	15	14	4	42	18	-13	-50	-3	-40	-51	-103	-104	-140	-138	-115	-112	-66	-60	-38	-54	-41	-10	-77	-48	-42	-47	-46	-24	-29	-21	13	587	75	101	90	53	-11	-14	9	26	23	54	51	68	92	139	150	159	188	203	197	192	194	163	152	134	96	120	116	194	146	323	75	109	92	55	51	14	41	57	106	117	149	154	147	179	164	170	192	210	201	192	209	170	158	142	106	122	120	195	147	670	3.10	22.60	11.30	346.20	257.60	192.10	282.70	297.00	282.60	297.40	290.00	296.20	308.70	321.10	336.30	339.30	348.60	345.10	348.20	357.00	338.40	343.60	344.60	340.70	334.40	348.70	346.00	353.80	5.10	61.20	20.29005499	-158.34192487	20.25542415	-158.35937700
37	14	07	03	12	25	58	78		35	31	26	22	21	26	31	32	30	29	31	34	36	36	34	30	26	24	23	22	21	20	19	18	18	17	16	15	14	14	69	70	56	27	-19	-48	-34	-25	-98	-137	-130	-128	-86	-36	-40	-34	-46	-37	-70	-18	-62	-80	-2	-51	26	22	54	88	-81	214	172	158	119	86	14	-10	47	85	73	73	76	81	93	126	144	139	157	165	181	170	185	177	167	147	119	27	111	199	70	-18	185	173	132	90	24	49	58	89	122	155	151	151	127	131	149	143	164	169	194	171	195	194	167	156	122	35	123	218	107	215	21.90	23.90	25.20	17.40	306.40	258.20	324.10	343.60	306.70	298.10	300.30	302.30	317.20	344.10	344.50	346.30	343.70	347.40	338.90	354.00	341.50	335.70	359.30	340.90	12.30	39.20	25.90	23.90	310.80	94.80	20.25536237	-158.35940902	20.21990650	-158.37585079
38	14	07	03	12	45	53	56		33	30	27	24	22	22	26	32	33	34	34	35	36	36	34	31	28	26	23	21	20	20	19	18	17	17	16	15	14	15	-14	1	-66	-92	-109	-154	-142	-134	-126	-151	-152	-146	-129	-100	-85	-76	-72	-87	-124	-138	-149	-121	-139	-102	-108	-84	-3	-16	-113	-684	113	92	9	-11	-32	-42	-9	10	35	45	36	39	45	76	103	118	121	132	135	123	101	78	73	54	72	63	12	83	-4	-816	114	92	67	93	114	160	142	134	131	158	156	151	137	126	134	140	141	158	183	185	180	144	157	115	130	105	12	85	113	1065	352.90	0.60	277.80	263.20	253.60	254.70	266.40	274.30	285.50	286.60	283.30	285.00	289.20	307.20	320.50	327.20	329.20	326.60	317.40	311.70	304.10	302.80	297.70	297.90	303.70	306.90	346.00	349.10	268.00	220.00	20.21985420	-158.37589346	20.18417646	-158.39092447
39	14	07	03	13	05	55	25		32	29	26	25	24	24	26	30	34	36	36	35	36	36	35	33	31	28	26	24	22	22	20	20	18	17	17	17	16	16	19	3	-44	-91	-113	-125	-146	-165	-187	-158	-148	-134	-128	-81	-66	-55	-95	-89	-95	-115	-108	-111	-57	-66	-61	-8	-35	17	-127	-89	123	81	56	-5	-40	-45	-39	-62	-31	-9	38	54	88	94	121	124	126	125	95	96	111	107	109	87	82	58	-8	139	55	31	124	81	71	91	120	133	151	176	190	158	153	144	155	124	138	136	158	153	134	150	155	154	123	109	102	59	36	140	138	94	8.80	2.10	321.80	266.90	250.50	250.20	255.00	249.40	260.60	266.70	284.40	291.90	304.50	319.20	331.40	336.10	323.00	324.50	315.00	309.90	315.80	313.90	332.40	322.80	323.40	352.10	257.10	7.00	293.40	289.20	20.18411670	-158.39093646	20.14467037	-158.40430719
40	14	07	03	13	25	56	97		29	26	25	25	24	25	27	30	33	35	35	36	37	36	34	32	30	29	26	24	23	22	21	20	19	19	18	17	16	15	-15	-41	-92	-109	-130	-146	-158	-161	-138	-138	-131	-130	-130	-95	-89	-115	-94	-110	-97	-103	-117	-99	-74	-82	-99	-22	5	-82	17	7	128	79	17	-14	-37	-77	-65	-2	5	60	57	39	59	70	75	64	86	84	95	72	52	68	33	53	74	80	90	19	-137	517	129	89	94	110	135	165	171	161	138	150	143	136	143	118	116	132	127	138	136	126	128	120	81	98	124	83	90	84	138	517	353.30	332.60	280.50	262.70	254.10	242.20	247.60	269.30	272.10	293.50	293.50	286.70	294.40	306.40	310.10	299.10	312.50	307.40	314.40	305.00	294.00	304.50	294.00	302.90	306.80	344.60	3.20	283.00	172.90	0.80	20.14453886	-158.40436150	20.10423532	-158.41842717
41	14	07	03	13	45	58	67		28	27	24	22	22	25	27	29	32	34	37	39	38	36	34	32	30	27	26	23	22	21	21	20	20	19	17	16	16	15	6	-1	-38	-58	-103	-119	-95	-124	-133	-139	-79	-87	-74	-66	-45	-78	-55	-71	-87	-106	-84	-104	-65	-73	-76	-60	-17	-101	25	-135	103	83	44	-13	-31	-49	6	14	21	41	34	58	69	56	59	61	62	50	70	80	69	67	79	74	97	105	114	112	153	214	103	83	58	59	108	129	95	125	135	145	86	105	101	87	74	99	83	87	112	133	109	124	102	104	123	121	115	151	155	253	3.30	359.30	319.20	257.40	253.20	247.60	273.60	276.40	279.00	286.40	293.30	303.70	313.00	310.30	322.70	308.00	318.40	305.20	308.80	307.00	309.40	302.80	320.60	315.40	321.90	330.30	351.50	318.00	9.30	327.80	20.10417187	-158.41845433	20.06465354	-158.43325049
42	14	07	03	14	05	53	48		28	25	22	22	22	23	24	24	26	30	36	38	37	35	34	32	29	26	24	22	21	22	21	20	18	17	16	15	15	14	-59	-77	-79	-114	-97	-118	-139	-164	-140	-144	-99	-92	-78	-83	-50	-46	-62	-60	-92	-95	-73	-107	-81	1	-31	15	-146	-17	119	43	66	67	31	-18	-19	-18	-6	2	16	20	26	63	67	56	50	76	69	83	50	60	68	51	43	45	94	73	98	160	166	820	89	102	85	115	99	119	139	164	141	145	102	112	103	100	71	89	93	102	105	112	100	119	92	45	99	75	176	161	204	821	318.20	311.00	291.40	261.00	258.90	261.30	267.50	270.70	276.50	277.90	284.70	304.40	310.70	304.00	315.00	328.80	318.10	324.10	298.50	302.30	313.00	295.50	298.00	1.30	341.70	11.60	303.90	353.90	35.60	3.00	20.06458665	-158.43327085	20.02436852	-158.44681702
43	14	07	03	14	25	55	17		28	25	24	23	22	22	21	21	23	26	32	35	37	37	35	33	30	26	23	22	22	22	20	19	17	16	15	15	14	14	-58	-95	-107	-109	-104	-86	-110	-157	-177	-143	-136	-133	-120	-74	-61	-53	-51	-43	-57	-80	-63	-40	-23	34	-1	69	12	41	219	112	69	66	41	7	9	18	27	21	-13	-6	9	25	48	84	83	89	99	62	70	75	48	41	72	67	38	151	148	227	410	162	90	116	115	109	104	88	113	158	177	143	136	135	129	112	103	104	111	75	90	110	79	57	76	75	38	166	148	231	465	197	320.00	304.80	291.00	273.70	274.90	281.80	283.80	277.60	265.80	267.60	273.80	280.60	291.80	318.60	323.70	329.20	332.70	325.30	320.80	313.20	307.30	315.70	342.30	26.90	358.50	24.60	4.60	10.20	28.10	34.70	20.02430029	-158.44683219	19.98514683	-158.46206764
44	14	07	03	14	45	56	86		32	29	26	25	24	23	23	23	26	29	34	37	38	39	38	36	33	30	26	25	24	22	20	19	18	17	16	14	14	13	-96	-99	-124	-108	-94	-113	-112	-137	-98	-136	-145	-145	-160	-140	-120	-74	-69	-47	-70	-91	-48	-85	-74	-32	-21	-48	-2	-123	-121	-470	104	59	42	26	26	56	52	-13	28	43	25	12	34	53	74	81	92	89	71	78	42	5	60	3	30	69	25	-8	-13	-110	142	115	131	111	98	126	123	138	102	143	147	145	164	150	141	110	115	101	100	120	64	85	95	32	37	84	25	123	122	483	317.30	300.80	288.70	283.50	285.50	296.40	294.90	264.60	285.90	287.50	279.80	274.70	282.00	290.70	301.70	317.60	323.10	332.20	315.40	310.60	311.20	273.40	309.00	275.40	325.00	325.20	355.40	266.30	263.90	256.80	19.98503284	-158.46215137	19.95296535	-158.47614035
45	14	07	03	15	05	58	58		40	38	34	32	30	28	26	26	30	34	37	38	39	37	36	34	32	29	26	24	24	22	20	18	18	16	16	14	13	13	4	-9	-17	-3	-18	-27	-29	-16	-45	-64	-74	-101	-110	-96	-55	-38	12	16	21	16	39	31	37	52	57	26	54	17	56	-70	73	96	81	65	63	34	14	4	-7	-8	9	24	17	32	42	75	77	68	34	19	59	29	27	-9	-1	9	14	17	98	-22	73	96	83	65	66	43	32	16	46	64	75	104	111	101	69	84	78	70	40	25	71	42	46	53	57	28	56	24	113	73	3.10	354.60	348.10	357.40	344.10	321.50	295.80	284.00	261.20	262.90	276.90	283.40	278.80	288.40	307.40	333.10	8.90	13.20	31.70	40.10	33.50	46.90	53.90	99.80	91.00	70.90	75.50	45.00	29.70	252.60	19.95294004	-158.47615653	19.93800852	-158.48510480
46	14	07	03	15	25	53	36		46	45	44	42	40	39	37	35	34	33	35	38	40	41	40	37	35	32	30	28	26	24	22	20	18	17	16	15	14	13	9	-1	-2	-4	-13	10	-3	9	-28	-72	-90	-123	-132	-129	-125	-90	-56	-40	-10	3	-7	-1	10	33	11	21	17	6	10	-47	86	101	107	121	104	92	62	25	11	4	14	-18	-11	-5	24	37	55	57	51	53	58	49	76	37	32	35	-9	39	59	-154	86	101	107	121	105	93	62	27	30	72	91	124	132	129	127	97	78	70	52	53	58	49	77	50	34	41	19	39	60	161	6.00	359.40	358.90	358.10	352.90	6.20	357.20	19.80	291.40	273.20	278.80	261.70	265.20	267.80	280.90	292.30	314.50	324.90	348.90	3.20	353.10	358.80	7.50	41.70	19.00	31.00	117.90	8.70	9.60	197.00	19.93797817	-158.48513782	19.91962080	-158.49567865
47	14	07	03	15	45	55	06		44	42	42	41	40	39	37	36	35	35	36	37	39	41	41	40	38	34	31	29	28	26	24	22	20	18	16	15	14	13	34	45	38	55	70	37	20	14	-7	-13	-25	-60	-62	-69	-54	-29	-16	-18	1	2	6	13	16	29	23	25	55	-10	-18	177	149	155	145	142	152	125	122	88	66	25	27	30	37	49	51	77	92	98	81	119	100	111	111	83	104	95	63	21	43	-87	153	161	150	152	167	130	124	89	66	28	37	67	72	85	74	82	93	100	81	119	100	112	112	88	107	98	84	23	47	197	12.90	16.20	14.70	21.20	24.70	16.50	9.30	9.00	353.90	332.50	317.20	296.60	300.80	305.40	313.40	339.40	350.10	349.60	0.70	1.00	3.40	6.70	8.20	19.30	12.50	14.70	41.10	334.50	337.30	116.20	19.91959632	-158.49569516	19.90386819	-158.50588337
48	14	07	03	16	05	56	75		40	39	38	38	37	36	35	34	35	36	36	36	37	36	36	34	32	29	28	26	25	24	23	22	21	19	18	16	15	14	4	24	32	58	59	30	13	-23	-58	-77	-80	-86	-78	-83	-60	-37	-44	-33	-25	-7	-4	24	8	-2	-3	-5	18	18	-9	2	109	99	83	90	66	68	51	18	16	9	37	18	28	38	23	41	63	71	87	89	109	112	79	46	23	20	-8	1	7	88	109	102	89	107	89	74	53	29	60	78	88	88	83	91	64	55	77	78	91	89	109	115	79	46	23	21	20	18	11	88	2.10	13.60	21.10	32.80	41.80	23.80	14.30	308.00	285.40	276.70	294.80	281.80	289.70	294.60	291.00	317.90	325.10	335.10	344.00	355.50	357.90	12.10	5.80	357.50	352.60	346.00	114.00	86.80	307.90	1.30	19.90382636	-158.50591631	19.88855168	-158.51474086
49	14	07	03	16	25	58	45		40	39	38	37	36	34	32	32	32	33	34	34	35	34	34	32	30	29	27	26	24	22	22	20	19	18	17	16	15	14	-68	-44	-38	-28	-34	-52	-74	-112	-113	-133	-170	-134	-147	-134	-108	-115	-82	-79	-61	-63	-38	-36	-40	-56	-33	-68	-51	20	40	-54	34	33	38	46	56	49	12	0	-6	-9	-5	-6	15	35	40	20	41	33	30	47	22	52	0	13	8	-74	4	30	-61	-25	76	55	54	54	66	71	75	112	113	133	170	134	148	138	115	117	92	86	68	79	44	63	40	57	34	100	51	36	73	60	296.60	306.90	315.00	328.70	328.70	313.30	279.20	270.00	267.00	266.10	268.30	267.40	275.80	284.60	290.30	279.90	296.60	292.70	296.20	306.70	300.10	325.30	270.00	283.10	283.60	222.60	274.50	33.70	146.70	245.20	19.88849016	-158.51476215	19.85305198	-158.53072800
50	14	07	03	16	45	53	30		36	34	35	37	38	38	35	32	31	31	33	35	37	37	36	36	34	32	29	27	26	24	22	21	19	18	16	16	16	15	-102	-72	-61	-36	-34	-27	-56	-74	-93	-89	-131	-146	-120	-110	-87	-64	-60	-49	-18	-33	-12	-15	14	10	-15	22	3	0	4	-82	-8	-10	26	34	42	41	35	45	52	37	19	49	47	54	70	75	70	72	65	51	36	43	46	41	23	14	8	-13	72	101	102	73	66	50	54	49	66	87	107	96	132	154	129	123	112	99	92	87	67	61	38	46	48	42	27	26	9	13	72	130	265.50	262.10	293.10	313.40	321.00	326.60	302.00	301.30	299.20	292.60	278.30	288.60	291.40	296.10	308.80	319.50	319.40	325.80	344.50	327.10	341.60	340.80	16.90	13.70	326.90	57.50	20.60	180.00	3.20	320.90	19.85298970	-158.53075180	19.81973349	-158.54935946
51	14	07	03	17	05	55	02		36	33	32	32	34	36	36	36	34	33	33	34	36	36	36	36	34	32	29	27	26	24	23	21	19	18	16	15	15	14	-117	-126	-98	-57	-18	-18	-34	-36	-46	-66	-79	-100	-114	-120	-104	-46	-56	-43	-44	-21	9	3	-1	-2	13	27	-10	19	-70	-44	53	24	22	44	36	50	61	53	40	20	44	39	53	60	87	93	123	124	108	102	113	115	85	74	50	56	74	47	-56	-9	128	128	100	72	40	53	70	64	61	69	90	107	126	134	136	104	135	131	117	104	113	115	85	74	52	62	75	51	90	45	294.40	280.80	282.70	307.70	333.40	340.20	330.90	325.80	311.00	286.90	299.10	291.30	294.90	296.60	309.90	333.70	335.50	340.90	337.80	348.40	4.60	1.50	359.30	358.50	14.60	25.70	352.30	22.00	231.30	258.40	19.81967448	-158.54937849	19.78927835	-158.56704335
52	14	07	03	17	25	56	73		33	31	29	26	26	28	30	31	32	33	34	36	35	34	34	34	33	31	29	27	26	24	22	22	20	18	17	15	15	14	-142	-153	-125	-91	-89	-66	-40	-66	-73	-126	-117	-108	-117	-130	-144	-132	-100	-121	-114	-117	-122	-122	-88	-121	-123	-95	-73	-147	-187	-117	63	60	20	3	14	27	-3	15	9	-4	28	38	64	69	98	86	116	114	91	77	94	67	78	74	54	54	74	36	44	-23	155	164	127	91	90	71	40	68	74	126	120	114	133	147	174	158	153	166	146	140	154	139	118	142	134	109	104	151	192	119	293.90	291.40	279.10	271.90	278.90	292.20	265.70	282.80	277.00	268.20	283.50	289.40	298.70	298.00	304.20	303.10	319.20	313.30	308.60	303.30	307.60	298.80	311.60	301.40	293.70	299.60	315.40	283.80	283.20	258.90	19.78917081	-158.56713764	19.75568519	-158.58587899
53	14	07	03	17	45	58	44		32	30	27	24	22	21	22	23	26	29	33	36	36	34	32	31	30	30	28	27	25	24	22	21	20	19	18	16	15	14	-118	-117	-115	-46	-44	-74	-38	-37	-61	-100	-89	-116	-101	-116	-127	-114	-116	-103	-122	-123	-142	-169	-184	-146	-121	-115	-88	-92	-93	-38	158	140	135	103	99	47	86	39	15	11	6	41	76	107	117	104	111	109	103	85	117	72	95	121	73	118	131	100	136	29	197	182	177	113	108	88	94	54	63	101	89	123	126	158	173	154	161	150	160	150	184	184	207	190	141	165	158	136	165	48	323.20	320.10	319.60	335.90	336.00	302.40	336.20	316.50	283.80	276.30	273.90	289.50	307.00	312.70	312.70	312.40	313.70	316.60	310.20	304.60	309.50	293.10	297.30	309.70	301.10	315.70	326.10	317.40	325.60	307.30	19.75562987	-158.58591646	19.72070164	-158.60501898
54	14	07	03	18	05	53	22		29	28	25	23	21	19	19	20	24	30	32	34	34	34	34	33	32	30	29	28	26	24	22	21	20	18	18	16	15	14	-145	-127	-92	-80	-36	-64	-98	-120	-128	-138	-112	-96	-95	-91	-72	-69	-67	-101	-84	-104	-105	-105	-134	-133	-151	-122	-82	-137	-74	-12	141	158	175	158	146	157	105	50	-11	27	40	52	90	102	93	130	144	123	98	105	90	105	85	95	115	119	78	135	206	163	202	203	198	177	150	170	144	130	128	141	119	109	131	137	118	147	159	159	129	148	138	148	159	163	190	170	113	192	219	163	314.20	321.20	332.30	333.10	346.10	337.80	317.00	292.60	265.10	281.10	289.70	298.40	313.50	318.30	322.30	332.00	335.00	320.60	319.40	315.30	310.60	315.00	302.40	305.50	307.30	314.30	313.60	314.60	340.20	355.80	19.72063785	-158.60504430	19.68602713	-158.62535801
55	14	07	03	18	25	54	92		32	31	28	25	21	18	17	20	25	32	38	38	38	36	35	34	34	32	31	30	28	26	24	22	21	19	18	16	15	15	-216	-179	-159	-202	-128	-161	-161	-164	-147	-187	-145	-113	-108	-114	-91	-79	-90	-60	-75	-74	-53	-65	-61	-60	-100	-93	-91	-118	-85	-151	168	222	233	219	169	136	98	61	32	69	83	88	115	112	145	142	134	120	119	96	88	95	71	73	89	97	84	111	92	60	274	285	282	298	212	211	188	175	150	199	167	143	158	160	171	162	161	134	141	121	103	115	94	94	134	134	124	162	125	162	307.90	321.10	325.70	317.30	322.90	310.20	301.30	290.40	282.30	290.30	299.80	307.90	316.80	314.50	327.90	330.90	326.10	333.40	327.80	322.40	328.90	325.60	319.30	320.60	311.70	316.20	312.70	313.20	317.30	291.70	19.68597064	-158.62539497	19.65258753	-158.64010437
56	14	07	03	18	45	56	66		33	34	32	27	22	19	20	26	33	38	41	41	40	40	37	34	32	31	30	30	28	26	24	23	21	20	18	16	15	14	-118	-107	-90	-81	-96	-56	-75	-135	-135	-105	-83	-67	-67	-34	-37	-11	-27	-23	-25	-28	-12	-38	-41	-65	-82	-84	-68	-73	-56	-8	222	246	266	238	240	176	113	121	143	169	177	144	170	157	138	130	92	83	81	56	48	37	29	55	43	41	11	6	65	4	251	268	281	251	258	185	136	181	197	199	195	159	183	161	143	130	96	86	85	63	49	53	50	85	93	93	69	73	86	9	332.00	336.50	341.30	341.20	338.20	342.30	326.40	311.90	316.60	328.10	334.90	335.00	338.50	347.80	345.00	355.20	343.60	344.50	342.80	333.40	346.00	314.20	305.30	310.20	297.70	296.00	279.20	274.70	319.30	296.60	19.65247546	-158.64019616	19.61982837	-158.65961904
57	14	07	03	19	05	58	34		35	34	31	26	23	21	22	26	32	37	38	40	39	38	36	34	33	32	30	29	28	28	26	24	22	20	19	18	16	15	-60	-40	-3	-7	-26	-19	-54	-93	-91	-49	-45	-55	-4	23	8	7	6	30	27	27	21	3	-9	-31	-20	-46	-34	-27	-68	-60	166	187	213	194	169	185	114	131	136	179	188	181	170	183	178	150	113	90	95	55	68	59	50	44	49	56	49	51	-21	-7	177	191	213	194	171	186	126	161	164	186	193	189	170	184	178	150	113	95	99	61	71	59	51	54	53	72	60	58	71	60	340.10	347.90	359.20	357.90	351.30	354.10	334.70	324.60	326.20	344.70	346.50	343.10	358.70	7.20	2.60	2.70	3.00	18.40	15.90	26.10	17.20	2.90	349.80	324.80	337.80	320.60	325.20	332.10	252.80	263.30	19.61977120	-158.65964485	19.58689897	-158.67908282
58	14	07	03	19	25	53	16		32	32	30	28	28	30	34	38	41	42	41	40	40	38	36	34	34	32	31	29	28	26	24	22	20	19	18	16	16	14	-111	-78	-71	-51	-52	-52	-74	-89	-74	-65	-57	-24	-19	-11	-44	-12	-35	-17	4	32	12	-3	4	10	-1	-33	-25	-40	-35	-46	199	193	163	175	159	126	139	158	165	151	142	169	167	158	160	140	110	97	95	89	92	91	71	53	64	57	58	18	36	81	228	208	178	182	167	136	157	181	181	164	153	171	168	158	166	141	115	98	95	95	93	91	71	54	64	66	63	44	50	93	330.80	338.00	336.50	343.80	341.90	337.60	332.00	330.60	335.80	336.70	338.10	351.90	353.50	356.00	344.60	355.10	342.30	350.10	2.40	19.80	7.40	358.10	3.20	10.70	359.10	329.90	336.70	294.20	315.80	330.40	19.58684382	-158.67912431	19.55115653	-158.69718899
59	14	07	03	19	45	55	06		33	34	34	33	32	32	34	38	41	43	42	42	41	40	38	36	34	33	30	28	26	25	23	22	20	18	18	16	16	15	-114	-110	-108	-112	-102	-103	-84	-108	-130	-125	-149	-135	-117	-102	-110	-128	-137	-116	-134	-123	-132	-121	-103	-118	-88	-85	-129	-102	-83	-90	225	161	139	115	111	91	69	77	98	119	138	122	133	135	126	144	142	122	116	118	118	121	116	116	132	87	129	111	-20	116	252	195	176	161	151	137	109	133	163	173	203	182	177	169	167	193	197	168	177	170	177	171	155	165	159	122	182	151	85	147	333.10	325.70	322.20	315.80	317.40	311.50	309.40	305.50	307.00	313.60	312.80	312.10	318.70	322.90	318.90	318.40	316.00	316.40	310.90	313.80	311.80	315.00	318.40	314.50	326.30	315.70	315.00	317.40	256.50	322.20	19.55110104	-158.69722964	19.51478049	-158.71659100
60	14	07	03	20	05	56	80		32	31	30	29	28	26	30	36	42	45	45	44	43	40	38	37	36	34	32	30	28	26	24	22	20	19	18	16	16	15	-143	-116	-87	-59	-40	-61	-104	-123	-132	-122	-132	-131	-162	-137	-164	-162	-175	-176	-174	-183	-181	-183	-136	-145	-157	-136	-128	-71	-175	-167	174	170	126	82	65	71	62	67	101	127	141	128	112	122	99	109	101	80	70	97	88	115	135	146	128	169	166	192	250	299	225	206	153	101	76	94	121	140	166	176	193	183	197	183	192	195	202	193	188	207	201	216	192	206	203	217	210	205	305	342	320.60	325.70	325.40	324.30	328.40	319.30	300.80	298.60	307.40	316.20	316.90	314.30	304.70	311.70	301.10	303.90	300.00	294.40	291.90	297.90	295.90	302.10	314.80	315.20	309.20	321.20	322.40	339.70	325.00	330.80	19.51471671	-158.71661581	19.47813967	-158.73689365
61	14	07	03	20	25	58	53		33	33	32	30	28	29	34	39	44	46	46	44	42	40	37	35	34	32	31	29	27	25	24	22	20	18	18	16	16	14	-151	-127	-93	-68	-77	-74	-92	-99	-98	-93	-97	-112	-99	-107	-152	-177	-186	-168	-169	-169	-146	-154	-148	-132	-131	-97	-176	-95	-93	-102	170	152	96	88	54	32	50	72	105	114	122	79	105	101	68	74	84	74	77	86	88	84	121	116	97	149	140	123	122	205	227	198	134	111	94	81	105	122	144	147	156	137	144	147	167	192	204	184	186	190	170	175	191	176	163	178	225	155	153	229	318.40	320.10	315.90	322.30	305.00	293.40	298.50	306.00	317.00	320.80	321.50	305.20	316.70	313.30	294.10	292.70	294.30	293.80	294.50	297.00	301.10	298.60	309.30	311.30	306.50	326.90	308.50	322.30	322.70	333.50	19.47802970	-158.73699197	19.45073814	-158.75345335
62	14	07	03	20	45	53	31		29	31	32	31	30	31	34	40	44	46	45	42	39	36	36	36	34	33	32	30	28	27	25	24	22	20	18	17	16	15	-129	-113	-112	-104	-83	-118	-126	-124	-138	-112	-124	-131	-176	-179	-209	-171	-155	-156	-165	-157	-150	-146	-140	-140	-85	-90	-55	-60	-30	-36	224	219	220	224	202	176	194	178	167	149	165	167	177	146	165	166	171	144	152	154	196	193	205	200	188	203	198	216	181	210	258	246	247	247	218	212	231	217	217	186	206	212	250	231	266	238	231	212	224	220	247	242	248	244	206	222	205	224	183	213	330.10	332.70	333.00	335.10	337.70	326.20	327.00	325.10	320.40	323.10	323.10	321.90	315.20	309.20	308.30	314.10	317.80	312.70	312.70	314.40	322.60	322.90	325.70	325.00	335.70	336.10	344.50	344.50	350.60	350.30	19.45070470	-158.75347883	19.43132767	-158.76577064
63	14	07	03	21	05	55	14		28	29	30	32	33	37	42	46	48	47	46	42	39	36	35	35	36	36	35	34	32	30	27	24	23	21	19	18	16	16	-86	-75	-111	-90	-82	-95	-93	-102	-100	-89	-79	-69	-92	-108	-86	-51	-34	-11	-10	-1	-19	-44	-35	-18	-21	-25	2	7	42	23	227	233	241	246	223	233	216	245	228	227	224	233	217	197	168	206	224	214	217	202	207	203	221	208	214	232	249	241	242	223	243	245	265	262	238	252	235	265	249	244	238	243	236	225	189	212	227	214	217	202	208	208	224	209	215	233	249	241	246	224	339.30	342.20	335.30	339.90	339.80	337.80	336.70	337.40	336.30	338.60	340.60	343.50	337.00	331.30	332.90	346.10	351.40	357.10	357.40	359.70	354.80	347.80	351.00	355.10	354.40	353.80	0.50	1.70	9.80	5.90	19.43128902	-158.76579269	19.41022631	-158.77956164
64	14	07	03	21	25	56	86		28	29	30	31	34	39	44	48	50	49	48	45	42	38	36	34	33	33	33	32	31	29	27	26	24	22	20	18	18	16	-54	-79	-108	-108	-119	-116	-92	-78	-76	-68	-52	-49	-45	-62	-69	-72	-56	-13	5	-13	-24	-37	-18	-25	-6	1	35	57	41	38	176	155	164	166	160	194	177	206	218	202	226	194	177	173	167	149	176	166	172	169	171	174	155	173	164	164	149	148	136	130	184	174	196	198	199	226	199	220	231	213	232	200	183	184	181	165	185	167	172	169	173	178	156	175	164	164	153	159	142	135	342.90	333.00	326.60	327.00	323.40	329.10	332.50	339.30	340.80	341.40	347.00	345.80	345.70	340.30	337.60	334.20	342.30	355.50	1.70	355.60	352.00	348.00	353.40	351.80	357.90	0.30	13.20	21.10	16.80	16.30	19.41019353	-158.77959249	19.39134230	-158.79357551
65	14	07	03	21	45	58	55		28	28	28	30	35	41	46	48	50	48	46	44	40	38	36	34	34	34	33	32	31	30	28	27	24	22	21	20	18	16	-39	-55	-50	-99	-112	-67	-74	-54	-49	-31	-19	-5	-9	-35	-36	-74	-94	-56	-52	-38	-69	-75	-51	-83	-57	-20	-3	-2	-5	-20	104	131	121	103	118	128	160	191	212	195	173	143	119	108	108	95	121	118	112	91	118	120	124	133	102	87	97	73	52	101	111	142	131	143	163	144	176	198	218	197	174	143	119	114	114	120	153	131	123	99	137	142	134	157	117	89	97	73	52	103	339.40	337.20	337.50	316.10	316.50	332.40	335.20	344.20	347.00	351.00	353.70	358.00	355.70	342.00	341.60	322.10	322.20	334.60	335.10	337.30	329.70	328.00	337.60	328.00	330.80	347.10	358.20	358.40	354.50	348.80	19.39130718	-158.79359270	19.37242585	-158.80537103
66	14	07	03	22	05	53	38		28	30	32	35	39	43	47	49	50	49	46	44	42	40	38	36	35	34	34	33	32	30	28	27	26	24	22	20	18	18	-22	-31	-55	-54	-31	-41	-40	-28	-9	18	23	20	9	9	11	4	4	-27	0	-7	-7	-17	-11	-39	-61	-55	-43	-43	-20	-35	157	150	140	142	150	183	211	226	237	218	215	176	136	146	120	126	125	155	165	163	165	155	160	180	158	137	169	100	82	105	159	153	150	152	153	188	215	228	237	219	216	177	136	146	121	126	125	157	165	163	165	156	160	184	169	148	174	109	84	111	352.00	348.30	338.60	339.20	348.30	347.40	349.30	352.90	357.80	4.70	6.10	6.50	3.80	3.50	5.20	1.80	1.80	350.10	0.00	357.50	357.60	353.70	356.10	347.80	338.90	338.10	345.70	336.70	346.30	341.60	19.37239300	-158.80539534	19.35353170	-158.81544197
67	14	07	03	22	25	55	06		26	27	28	32	37	40	44	47	47	46	44	43	42	39	36	35	34	34	32	30	30	28	27	25	23	21	20	19	17	16	-26	17	35	-7	-30	-14	5	18	1	0	20	19	4	10	3	-11	-35	-15	-9	-4	-5	12	-6	5	6	27	3	-10	0	-15	185	197	191	179	147	155	190	195	180	181	163	151	141	140	136	136	124	146	154	149	144	148	119	145	120	134	136	83	109	112	187	198	194	179	150	156	190	196	180	181	164	152	141	140	136	136	129	147	154	149	144	148	119	145	120	137	136	84	109	113	352.00	4.90	10.40	357.80	348.50	354.80	1.50	5.30	0.30	0.00	7.00	7.20	1.60	4.10	1.30	355.40	344.20	354.10	356.70	358.50	358.00	4.60	357.10	2.00	2.90	11.40	1.30	353.10	0.00	352.40	19.35349180	-158.81545463	19.32994084	-158.82557519
68	14	07	03	22	45	57	42		27	26	25	24	28	34	41	46	48	48	46	43	40	36	34	32	32	32	31	30	30	28	26	24	22	20	20	18	17	16	-53	-52	-23	-3	5	5	23	20	34	23	48	35	21	30	-2	-7	-21	-27	-46	-40	-26	-6	14	18	30	16	22	27	-15	9	177	178	204	176	130	102	103	100	123	85	93	84	72	55	77	75	79	47	46	33	41	57	35	64	53	74	29	13	34	38	185	185	205	176	130	102	106	102	128	88	105	91	75	63	77	75	82	54	65	52	49	57	38	66	61	76	36	30	37	39	343.30	343.70	353.60	359.00	2.20	2.80	12.60	11.30	15.50	15.10	27.30	22.60	16.30	28.60	358.50	354.70	345.10	330.10	315.00	309.50	327.60	354.00	21.80	15.70	29.50	12.20	37.20	64.30	336.20	13.30	19.32990152	-158.82559002	19.30770834	-158.83624518
69	14	07	03	23	05	59	11		26	25	24	22	22	27	34	42	47	48	46	42	39	37	34	33	32	31	30	29	28	26	24	23	20	19	18	18	17	16	-88	-61	-68	-51	-57	-27	-6	-16	-7	1	8	-4	-11	-20	-21	-34	-70	-80	-66	-80	-64	-55	-2	-5	-19	0	-2	-7	10	35	218	216	260	247	213	89	80	103	114	119	107	80	46	22	40	49	64	85	58	28	36	26	23	38	48	48	27	-39	-2	-33	235	224	269	252	220	93	80	104	114	119	107	80	47	30	45	60	95	117	88	85	73	61	23	38	52	48	27	40	10	48	338.00	344.20	345.30	348.30	345.00	343.10	355.70	351.20	356.50	0.50	4.30	357.10	346.60	317.70	332.30	325.20	312.40	316.70	311.30	289.30	299.40	295.30	355.00	352.50	338.40	0.00	355.80	190.20	101.30	133.30	19.30767532	-158.83627485	19.28672818	-158.84410104
70	14	07	03	23	25	53	92		28	26	24	22	24	31	38	44	47	46	43	39	37	34	32	31	30	30	29	28	27	26	24	22	20	19	18	17	16	15	-91	-88	-100	-88	-98	-90	-75	-40	-30	-30	-22	-18	-26	-23	-50	-81	-72	-74	-85	-58	-36	-9	0	51	-9	22	2	0	16	-27	125	135	164	129	6	-49	-58	-44	-26	12	-18	-32	-59	-82	-63	-27	-32	-7	-35	-25	10	26	8	-5	11	-24	-31	-52	-73	-43	155	161	192	156	98	102	95	59	40	32	28	37	64	85	80	85	79	74	92	63	37	28	8	51	14	33	31	52	75	51	323.90	326.90	328.60	325.70	273.50	241.40	232.30	222.30	229.10	291.80	230.70	209.40	203.80	195.70	218.40	251.60	246.00	264.60	247.60	246.70	285.50	340.90	0.00	95.60	320.70	137.50	176.30	180.00	167.60	212.10	19.28669013	-158.84410632	19.26204231	-158.84885282
71	14	07	03	23	45	55	69		30	30	27	24	23	26	31	38	42	43	43	42	39	38	35	32	30	28	27	27	26	26	25	23	21	19	18	17	16	15	-85	-97	-82	-81	-81	-84	-73	-77	-67	-47	-47	-48	-62	-63	-67	-69	-79	-82	-96	-84	-76	-55	-62	-37	-33	-51	-31	-67	-27	-69	189	219	259	200	131	55	55	53	51	54	62	46	29	0	-22	0	6	19	1	13	-2	13	22	32	36	21	21	39	16	-12	207	240	272	216	154	100	91	93	84	72	78	66	68	63	71	69	79	84	96	85	76	57	66	49	49	55	37	78	31	70	335.80	336.10	342.40	338.00	328.30	303.20	307.00	304.50	307.30	319.00	322.80	313.80	295.10	270.00	251.80	270.00	274.30	283.00	270.60	278.80	268.50	283.30	289.50	310.90	317.50	292.40	304.10	300.20	300.70	260.10	19.26199897	-158.84886020	19.23659518	-158.85304185
72	14	07	04	00	05	57	38		28	27	26	24	25	30	35	40	44	44	44	43	41	40	38	36	34	32	30	28	26	24	23	21	20	18	17	15	15	15	-38	-34	-26	-27	-25	-62	-48	-51	-31	-43	-45	-42	-48	-45	-28	-28	-44	-60	-65	-66	-62	-57	-65	-70	-37	-81	-34	-60	26	-50	191	242	264	228	151	86	85	113	123	135	95	101	92	63	69	51	98	60	76	60	69	82	70	93	77	37	72	50	60	41	195	244	265	230	153	106	98	124	127	142	105	109	104	77	74	58	107	85	100	89	93	100	96	116	85	89	80	78	65	65	348.70	352.00	354.40	353.20	350.60	324.20	330.50	335.70	345.90	342.30	334.70	337.40	332.40	324.50	337.90	331.20	335.80	315.00	319.50	312.30	318.10	325.20	317.10	323.00	334.30	294.60	334.70	309.80	23.40	309.40	19.23654196	-158.85305467	19.20781014	-158.86086166
73	14	07	04	00	25	59	06		27	26	24	24	27	32	37	42	46	46	45	44	43	41	40	38	36	34	31	29	26	25	23	21	20	18	17	16	15	14	-26	-21	-20	-48	-43	-60	-47	-26	-10	-21	-18	-3	18	12	22	5	-1	-16	-17	-27	-49	-58	-46	-59	-66	-61	-41	-96	-39	-110	136	202	206	173	91	49	106	120	122	102	100	113	115	121	117	140	143	145	119	115	111	95	76	95	69	93	107	135	147	228	138	203	207	180	101	77	116	123	122	104	102	113	116	122	119	140	143	146	120	118	121	111	89	112	95	111	115	166	152	253	349.20	354.10	354.50	344.50	334.70	309.20	336.10	347.80	355.30	348.40	349.80	358.50	8.90	5.70	10.60	2.00	359.60	353.70	351.90	346.80	336.20	328.60	328.80	328.20	316.30	326.70	339.00	324.60	345.10	334.20	19.20776404	-158.86084364	19.17702483	-158.86666864
74	14	07	04	00	45	53	88		26	27	26	23	22	24	30	36	40	43	44	42	41	40	39	38	36	35	32	30	28	26	24	22	20	19	17	16	16	15	9	-4	29	19	-29	-5	-21	13	33	29	12	34	40	63	56	44	60	39	27	20	4	-7	-2	13	36	13	0	6	6	35	149	180	162	131	79	49	62	89	134	124	85	105	108	116	138	128	117	96	103	129	118	104	102	120	115	123	104	118	107	180	149	180	165	132	84	49	65	90	138	127	86	110	115	132	149	135	131	104	106	131	118	104	102	121	121	124	104	118	107	183	3.50	358.70	10.10	8.30	339.80	354.20	341.30	8.30	13.80	13.20	8.00	17.90	20.30	28.50	22.10	19.00	27.10	22.10	14.70	8.80	1.90	356.10	358.90	6.20	17.40	6.00	0.00	2.90	3.20	11.00	19.17697337	-158.86668230	19.14868687	-158.87230832
75	14	07	04	01	05	55	56		27	30	30	27	24	28	36	43	46	45	43	41	40	38	36	33	31	28	26	24	23	22	22	20	20	18	17	16	14	14	27	53	73	69	44	8	7	19	10	4	9	-8	1	17	60	57	55	59	64	39	43	31	4	15	26	9	32	21	85	-5	65	93	93	90	48	3	35	73	75	70	69	54	47	47	57	69	70	71	77	69	63	59	49	43	60	77	62	38	59	68	70	107	118	113	65	9	36	75	76	70	70	55	47	50	83	89	89	92	100	79	76	67	49	46	65	78	70	43	103	68	22.60	29.70	38.10	37.50	42.50	69.40	11.30	14.60	7.60	3.30	7.40	351.60	1.20	19.90	46.50	39.60	38.20	39.70	39.70	29.50	34.30	27.70	4.70	19.20	23.40	6.70	27.30	28.90	55.20	355.80	19.14863113	-158.87230899	19.12924513	-158.88025830
76	14	07	04	01	25	57	25		28	33	34	30	24	25	32	40	46	46	44	42	41	40	37	34	32	29	26	24	22	22	21	20	19	18	16	16	14	13	78	91	110	106	91	29	-7	-23	5	-18	-3	-9	-12	41	59	71	103	85	88	66	47	63	50	45	10	11	42	85	83	-147	208	198	194	200	168	130	139	140	161	159	154	149	133	142	151	172	174	170	177	143	132	139	126	119	124	112	99	95	66	30	222	218	223	226	191	133	139	142	161	160	154	149	134	148	162	186	202	190	198	157	140	153	136	127	124	113	108	127	106	150	20.60	24.70	29.60	27.90	28.40	12.60	357.10	350.70	1.80	353.50	358.90	356.50	354.80	16.10	21.30	22.40	30.60	26.60	26.40	24.80	19.60	24.40	21.60	20.70	4.60	5.60	23.00	41.80	51.50	281.50	19.12927187	-158.88029736	19.12381332	-158.89082302
77	14	07	04	01	45	58	94		26	29	31	29	26	30	37	44	47	46	44	42	41	40	38	36	33	29	26	24	22	21	20	18	17	16	15	14	14	14	77	70	95	86	67	40	36	30	32	49	21	39	60	76	103	140	165	153	138	145	120	128	99	103	109	67	72	150	115	61	97	94	125	101	114	99	89	132	104	113	114	102	92	83	86	95	121	101	99	92	83	49	64	90	43	66	68	85	119	150	124	117	157	133	132	107	96	135	109	123	116	109	110	113	134	169	205	183	170	172	146	137	118	137	117	94	99	172	165	162	38.40	36.70	37.20	40.40	30.40	22.00	22.00	12.80	17.10	23.40	10.40	20.90	33.10	42.50	50.10	55.80	53.70	56.60	54.30	57.60	55.30	69.10	57.10	48.90	68.50	45.40	46.60	60.50	44.00	22.10	19.12376865	-158.89081581	19.12227768	-158.89998084
78	14	07	04	02	05	53	73		29	32	32	30	27	30	36	42	46	47	44	42	40	39	38	36	32	28	26	23	22	21	20	19	18	17	16	15	15	16	84	56	52	53	58	27	10	21	47	29	12	24	52	74	102	148	154	134	142	119	115	89	72	58	104	57	73	100	193	207	129	127	128	122	97	123	115	145	141	133	147	133	127	99	93	92	118	127	92	124	86	101	90	80	105	92	113	97	15	40	154	139	138	133	113	126	115	147	149	136	147	135	137	124	138	174	194	185	169	172	144	135	115	99	148	108	135	139	194	211	33.10	23.80	22.10	23.50	30.90	12.40	5.00	8.20	18.40	12.30	4.70	10.20	22.30	36.80	47.60	58.10	52.50	46.50	57.10	43.80	53.20	41.40	38.70	35.90	44.70	31.80	32.90	45.90	85.60	79.10	19.12226996	-158.89999920	19.11816015	-158.90225636
79	14	07	04	02	25	55	42		32	33	32	29	27	28	32	38	44	48	46	43	40	38	37	35	33	30	27	24	22	21	20	19	18	17	16	16	17	17	129	114	123	103	73	64	53	65	70	88	71	74	87	106	127	178	171	172	180	162	153	155	133	97	143	118	149	133	129	119	66	86	66	73	39	28	45	47	51	74	73	75	79	50	41	48	48	65	64	52	43	23	6	10	13	2	55	27	61	15	145	143	140	126	83	70	70	80	87	115	102	105	118	117	133	184	178	184	191	170	159	157	133	98	144	118	159	136	143	120	62.90	53.00	61.80	54.70	61.90	66.40	49.70	54.10	53.90	49.90	44.20	44.60	47.80	64.70	72.10	74.90	74.30	69.30	70.40	72.20	74.30	81.60	87.40	84.10	84.80	89.00	69.70	78.50	64.70	82.80	19.11815068	-158.90226348	19.11474419	-158.90411949
80	14	07	04	02	45	57	11		35	36	33	28	25	25	29	36	43	46	45	43	42	39	36	34	32	29	26	24	22	21	20	19	18	17	16	16	16	14	105	113	128	113	91	24	26	17	32	44	62	41	41	53	103	121	143	134	126	130	100	90	66	43	54	42	10	96	97	100	56	66	54	53	37	31	29	41	79	91	77	81	69	31	12	20	24	26	39	47	19	9	20	6	-9	-10	15	2	59	-10	119	131	139	125	98	39	39	44	85	101	99	91	80	61	104	123	145	136	132	138	102	90	69	43	55	43	18	96	114	100	61.90	59.70	67.10	64.90	67.90	37.70	41.90	22.50	22.10	25.80	38.80	26.80	30.70	59.70	83.40	80.60	80.50	79.00	72.80	70.10	79.20	84.30	73.10	82.10	99.50	103.40	33.70	88.80	58.70	95.70	19.11473254	-158.90413516	19.11056271	-158.90645854
81	14	07	04	03	05	58	80		36	33	28	25	24	24	30	36	41	44	44	43	41	39	38	36	34	30	28	25	23	22	21	20	18	17	17	16	16	14	121	123	134	117	68	32	35	15	17	36	46	25	45	52	67	107	123	125	135	135	114	112	76	88	69	49	78	89	62	62	106	114	104	103	73	58	47	83	78	90	90	105	107	73	64	57	58	87	63	92	75	67	39	69	71	77	57	16	135	26	161	168	170	156	100	66	59	84	80	97	101	108	116	90	93	121	136	152	149	163	136	131	85	112	99	91	97	90	149	67	48.80	47.20	52.20	48.60	43.00	28.90	36.70	10.20	12.30	21.80	27.10	13.40	22.80	35.50	46.30	62.00	64.80	55.20	65.00	55.70	56.70	59.10	62.80	51.90	44.20	32.50	53.80	79.80	24.70	67.20	19.11056036	-158.90645452	19.09584736	-158.91156388
82	14	07	04	03	25	53	66		42	39	31	24	21	22	25	30	37	44	46	46	44	42	41	40	37	34	31	28	26	26	24	20	18	18	16	16	15	14	148	153	137	144	121	83	53	49	33	52	73	76	54	75	79	84	100	117	139	117	114	112	119	93	76	73	52	60	42	56	97	130	149	96	69	49	61	91	84	97	108	109	117	98	82	90	98	97	73	69	80	81	84	63	77	81	71	73	75	117	177	201	202	173	139	96	81	103	90	110	130	133	129	123	114	123	140	152	157	136	139	138	146	112	108	109	88	94	86	130	56.80	49.60	42.60	56.30	60.30	59.40	41.00	28.30	21.40	28.20	34.10	34.90	24.80	37.40	43.90	43.00	45.60	50.30	62.30	59.50	54.90	54.10	54.80	55.90	44.60	42.00	36.20	39.40	29.20	25.60	19.09580813	-158.91157016	19.07367580	-158.91706483
83	14	07	04	03	45	55	34		40	35	28	22	22	23	27	34	42	48	50	48	46	44	42	40	37	34	32	30	29	27	24	22	20	18	17	16	15	14	152	152	167	140	142	135	59	68	85	93	104	86	87	80	91	97	125	147	125	145	122	106	98	68	67	64	85	111	58	76	-32	-38	-32	-72	-94	-92	-72	-58	-69	-48	-17	-27	-18	-32	-38	-38	-35	-28	-45	-34	-25	-1	-41	-27	-5	18	-22	-25	-11	1	155	157	170	157	170	163	93	89	109	105	105	90	89	86	99	104	130	150	133	149	125	106	106	73	67	66	88	114	59	76	101.90	104.00	100.80	117.20	123.50	124.30	140.70	130.50	129.10	117.30	99.30	107.40	101.70	111.80	112.70	111.40	105.60	100.80	109.80	103.20	101.60	90.50	112.70	111.70	94.30	74.30	104.50	102.70	100.70	89.20	19.07363883	-158.91708554	19.05462046	-158.92417436
84	14	07	04	04	05	57	03		34	32	32	33	33	33	35	40	46	50	49	47	45	44	41	38	34	32	30	28	26	23	21	20	18	17	16	15	14	14	79	83	73	75	74	67	40	28	42	48	35	29	34	21	17	40	36	39	33	8	14	36	23	-1	-14	-22	-28	31	-46	91	-18	-28	-36	-43	-57	-50	-46	-37	-6	-7	4	11	23	7	14	18	37	18	29	42	30	36	52	40	48	55	66	-10	78	27	81	88	81	86	93	84	61	46	42	49	35	31	41	22	22	44	52	43	44	43	33	51	57	40	50	59	72	33	91	95	102.80	108.60	116.30	119.80	127.60	126.70	139.00	142.90	98.10	98.30	83.50	69.20	55.90	71.60	50.50	65.80	44.20	65.20	48.70	10.80	25.00	45.00	23.90	358.60	343.70	338.20	337.00	107.90	329.50	73.50	19.05460554	-158.92420035	19.03866098	-158.93156402
85	14	07	04	04	25	58	72		41	40	39	37	35	34	35	38	40	42	42	43	42	40	37	34	31	29	28	26	25	22	21	20	19	18	16	15	14	14	40	88	103	94	105	90	88	69	79	74	27	31	33	39	49	50	28	29	43	34	6	44	-11	-32	-27	-29	-20	-33	8	-34	39	48	70	50	30	17	-2	-14	23	47	43	44	41	54	54	76	70	85	78	51	61	64	80	84	97	53	80	79	64	49	56	100	125	106	109	92	88	70	82	88	51	54	53	67	73	91	75	90	89	61	61	78	81	90	101	60	82	86	64	60	45.70	61.40	55.80	62.00	74.10	79.30	91.30	101.50	73.80	57.60	32.10	35.20	38.80	35.80	42.20	33.30	21.80	18.80	28.90	33.70	5.60	34.50	352.20	339.10	344.40	331.30	346.00	337.30	7.10	325.20	19.03861287	-158.93158120	18.99897368	-158.94395063
86	14	07	04	04	45	53	61		36	36	34	33	32	31	31	32	35	38	39	41	40	38	35	32	30	27	25	24	22	21	19	19	18	16	16	14	14	14	16	44	43	95	90	113	61	61	62	51	19	13	-8	20	30	35	42	24	25	9	-4	-29	-19	-39	-29	-90	-9	-100	62	-5	50	80	73	65	76	45	6	-3	-18	4	29	12	29	28	53	67	82	80	74	50	56	70	71	64	75	65	71	15	-45	5	52	91	85	115	118	122	61	61	65	51	35	18	30	34	61	76	92	84	78	51	56	76	73	75	80	111	72	101	77	7	17.70	28.80	30.50	55.60	49.80	68.30	84.40	92.80	106.20	85.50	33.20	47.30	344.60	35.50	29.50	27.60	27.10	16.70	18.70	10.20	355.90	337.50	345.00	328.60	338.90	305.80	352.80	278.50	126.00	315.00	18.99890302	-158.94397770	18.95624852	-158.95979770
87	14	07	04	05	05	55	34		36	35	35	36	36	36	36	38	40	41	42	41	40	38	34	31	28	26	24	22	20	20	18	18	16	16	15	14	14	13	19	40	74	82	81	73	57	42	-12	-38	-63	-83	-55	-65	-50	-40	-15	-5	-14	-58	-15	-80	-78	-67	-41	-73	-84	-19	-277	-51	112	119	100	103	80	66	42	57	59	71	60	84	65	38	51	76	93	102	95	90	68	48	74	55	31	68	61	77	95	22	114	126	124	132	114	98	71	71	60	81	87	118	85	75	71	86	94	102	96	107	70	93	108	87	51	100	104	79	293	56	9.60	18.60	36.50	38.50	45.40	47.90	53.60	36.40	348.50	331.80	313.60	315.30	319.80	300.30	315.60	332.20	350.80	357.20	351.60	327.20	347.60	301.00	313.50	309.40	307.10	313.00	306.00	346.10	288.90	293.30	18.95618616	-158.95982503	18.91400213	-158.97801569
88	14	07	04	05	25	57	03		42	40	39	37	35	35	36	40	40	41	40	38	36	34	31	28	25	23	21	20	19	19	18	16	16	15	14	14	13	13	4	53	59	52	55	45	16	-10	-24	-36	-65	-67	-65	-58	-41	-17	4	4	-10	-46	-37	-13	-34	-27	-10	-175	-81	-71	191		120	117	145	118	74	63	55	92	104	140	136	133	115	87	86	106	83	117	90	72	90	64	92	124	92	75	46	34	210		120	128	157	129	92	77	57	93	107	145	151	149	132	105	95	107	83	117	91	85	97	65	98	127	93	190	93	79	284		1.90	24.40	22.10	23.80	36.60	35.50	16.20	353.80	347.00	345.60	334.50	333.30	330.50	326.30	334.50	350.90	2.80	2.00	353.70	327.40	337.70	348.50	339.70	347.70	353.80	293.20	299.60	295.60	42.30		18.91393499	-158.97805433	18.87058480	-158.99483196
89	14	07	04	05	45	58	75		34	32	29	28	26	27	29	32	33	34	36	37	36	35	34	32	30	27	25	23	22	20	18	17	16	16	16	15	14	14	-10	40	42	51	60	56	32	31	17	10	13	-3	-27	-46	-23	-44	-35	-44	-49	-51	-79	-65	-116	-63	-55	-120	-91	-259			136	115	123	123	132	110	94	93	116	152	139	135	122	128	119	102	113	105	99	114	73	56	41	69	3	104	-1	64			136	122	130	133	145	123	99	98	117	152	140	135	125	136	121	111	118	114	110	125	108	86	123	93	55	159	91	267			355.80	19.20	18.90	22.50	24.40	27.00	18.80	18.40	8.30	3.80	5.30	358.70	347.50	340.20	349.10	336.70	342.80	337.30	333.70	335.90	312.70	310.70	289.50	317.60	273.10	310.90	269.40	283.90			18.87051171	-158.99485149	18.82460930	-159.01056371
90	14	07	04	06	05	53	55		29	27	26	24	24	25	28	31	33	36	38	38	37	37	35	34	32	31	28	26	24	22	20	18	17	16	16	15	14	14	64	82	68	91	83	79	64	28	59	50	43	33	12	11	9	3	-4	13	-22	-21	-67	-106	-91	-96	-85	-119	-78	-227	-370		147	122	135	142	129	138	91	76	98	106	99	95	77	78	84	73	68	87	94	123	104	75	66	47	-16	-11	109	-17	183		160	147	151	169	153	159	111	81	114	117	108	101	78	79	84	73	68	88	97	125	124	130	112	107	86	120	134	228	413		23.50	33.90	26.70	32.70	32.80	29.80	35.10	20.20	31.00	25.30	23.50	19.20	8.90	8.00	6.10	2.40	356.60	8.50	346.80	350.30	327.20	305.30	306.00	296.10	259.30	264.70	324.40	265.70	296.30		18.82452951	-159.01058617	18.77827699	-159.02471102
91	14	07	04	06	25	55	25		30	28	26	24	23	23	24	28	33	36	39	41	41	40	38	37	34	31	27	25	22	21	19	18	17	16	15	15	15	14	-1	2	-12	-1	-2	3	4	-10	-36	-55	-27	-31	-47	-58	-59	-52	-52	-43	-44	-64	-133	-158	-130	-172	-104	-130	-266	-131	-488		93	126	136	134	133	119	78	52	32	31	29	20	12	-5	22	33	42	77	65	67	58	34	12	18	13	55	-14	146	163		93	126	137	134	133	119	78	53	48	63	40	37	49	58	63	62	67	88	78	93	145	162	131	173	105	141	266	196	515		359.40	0.90	355.00	359.60	359.10	1.40	2.90	349.10	311.60	299.40	317.00	302.80	284.30	265.10	290.40	302.40	308.90	330.80	325.90	316.30	293.60	282.10	275.30	276.00	277.10	292.90	267.00	318.10	288.50		18.77820080	-159.02472870	18.73331051	-159.04042600
92	14	07	04	06	45	56	94		30	28	27	25	24	24	26	30	33	35	38	40	40	39	38	36	34	32	28	25	24	22	21	19	18	16	16	15	15	14	-1	-8	5	-20	-11	-15	5	-48	-78	-108	-102	-110	-133	-110	-85	-82	-82	-97	-88	-78	-99	-112	-154	-129	-176	-158	-141	-106	-336	-26	139	107	101	108	88	76	46	31	5	30	37	25	-30	-2	38	65	73	51	103	161	137	133	54	134	77	112	40	197	333	3	139	107	101	110	89	77	46	57	78	112	109	113	136	110	93	105	110	110	135	179	169	174	163	186	192	194	147	224	473	26	359.60	355.70	2.80	349.50	352.90	348.80	6.20	302.90	273.70	285.50	289.90	282.80	257.30	269.00	294.10	308.40	311.70	297.70	319.50	334.20	324.10	319.90	289.30	316.10	293.60	305.30	285.80	331.70	314.70	276.60	18.73323030	-159.04043237	18.68815167	-159.05422764
93	14	07	04	07	05	58	63		30	29	28	27	27	29	32	34	36	40	42	42	42	42	39	36	34	33	30	25	22	22	20	19	18	17	16	15	15	15	-14	-5	-23	-48	-47	-7	-22	-72	-86	-105	-138	-121	-122	-108	-100	-73	-45	-65	-80	-8	-40	-41	-70	-111	-41	-90	-157	-59	-117	-135	116	87	51	64	58	77	29	15	26	34	25	26	43	67	67	120	132	110	81	141	148	152	95	107	142	122	149	135	36	-87	117	87	56	80	75	77	36	74	90	110	140	124	129	127	120	140	139	128	114	141	153	157	118	154	148	152	216	147	122	161	353.10	356.70	335.70	323.10	321.00	354.80	322.80	281.80	286.80	287.90	280.30	282.10	289.40	301.80	303.80	328.70	341.20	329.40	315.40	356.80	344.90	344.90	323.60	313.90	343.90	323.60	313.50	336.40	287.10	237.20	18.68807917	-159.05424348	18.64271798	-159.06568780
94	14	07	04	07	25	53	42		30	28	27	26	26	30	32	34	36	40	43	44	44	42	38	35	34	31	27	24	23	22	20	19	18	16	16	15	15	14	-50	-63	-50	-21	-11	-25	-51	-73	-67	-90	-110	-108	-79	-47	9	-6	-43	-51	-53	-27	-39	-25	-46	-98	-56	-138	-146	-159	-47	-64	81	40	51	63	88	38	17	18	44	11	-33	-36	-12	13	57	66	56	-1	2	82	102	140	47	78	108	143	149	-20	187	37	95	75	71	66	89	45	54	75	80	91	115	114	80	49	58	66	71	51	53	86	109	142	66	125	122	199	209	160	193	74	328.30	302.40	315.60	341.60	352.90	326.70	288.40	283.90	303.30	277.00	253.30	251.60	261.40	285.50	9.00	354.80	322.50	268.90	272.20	341.80	339.10	349.90	315.60	308.50	332.60	316.00	315.60	262.80	345.90	300.00	18.64264280	-159.06571831	18.59735504	-159.07963419
95	14	07	04	07	45	55	14		27	26	26	25	26	32	34	33	36	41	44	44	43	41	38	36	34	31	27	25	23	21	20	18	17	16	16	15	15	14	-67	-34	14	-19	-2	-36	-93	-94	-58	-73	-86	-53	-16	22	11	-2	-51	-61	-77	-51	-45	-77	-119	-77	-106	-99	-144	-6	233		31	23	78	106	97	28	-20	-6	23	-11	-65	-82	-26	-12	29	41	-1	6	12	4	7	49	40	39	33	17	7	16	139		74	41	79	108	97	46	95	94	62	74	108	98	31	25	31	41	51	61	78	51	46	91	126	86	111	100	144	17	271		294.80	304.10	10.20	349.80	358.80	307.90	257.90	266.30	291.60	261.40	232.90	212.90	211.60	118.60	20.80	357.20	268.90	275.60	278.90	274.50	278.80	302.50	288.60	296.90	287.30	279.70	272.80	339.40	59.20		18.59727901	-159.07964685	18.55094553	-159.09305530
96	14	07	04	08	05	56	84		27	27	26	25	26	30	33	36	38	39	42	44	44	43	42	40	38	34	30	27	23	22	21	19	18	17	16	16	15	14	-806	-770	-746	-749	-750	-796	-810	-823	-822	-804	-835	-823	-782	-750	-762	-749	-743	-759	-780	-785	-800	-778	-792	-768	-779	-835	-780	-751	-826	-734	-40	-18	-11	11	-35	-64	-97	-128	-108	-111	-128	-153	-154	-104	-78	-88	-98	-108	-111	-95	-75	-72	-5	-36	-67	-43	-35	50	-43	214	807	770	746	749	751	799	816	833	829	812	845	837	797	757	766	754	749	767	788	791	804	781	792	769	782	836	781	753	827	765	267.20	268.70	269.20	270.80	267.30	265.40	263.20	261.20	262.50	262.10	261.30	259.50	258.90	262.10	264.20	263.30	262.50	261.90	261.90	263.10	264.60	264.70	269.60	267.30	265.10	267.10	267.40	273.80	267.00	286.30	18.55085651	-159.09307516	18.54092832	-159.09578419
97	14	07	04	08	25	58	55		26	25	24	23	23	26	29	32	33	35	40	45	44	41	39	36	34	31	27	22	20	19	18	17	16	16	15	14	14	13	-151	-136	-75	-66	-49	-92	-80	-118	-124	-108	-134	-117	-111	-80	-64	-60	-47	-82	-140	-92	-59	-75	-91	-73	-110	-84	-202	-183	-12	-219	-2073	-2043	-2060	-2042	-2080	-2094	-2124	-2129	-2136	-2117	-2115	-2147	-2146	-2126	-2109	-2114	-2102	-2109	-2107	-2085	-2044	-2075	-2027	-2116	-2041	-2054	-2058	-1992	-2094	-2045	2078	2048	2061	2043	2081	2096	2126	2132	2140	2120	2119	2150	2149	2128	2110	2115	2103	2111	2112	2087	2045	2076	2029	2117	2044	2056	2068	2000	2094	2057	184.20	183.80	182.10	181.90	181.30	182.50	182.20	183.20	183.30	182.90	183.60	183.10	183.00	182.20	181.70	181.60	181.30	182.20	183.80	182.50	181.70	182.10	182.60	182.00	183.10	182.30	185.60	185.20	180.30	186.10	18.54108036	-159.09578000	18.54092832	-159.09578419
98	14	07	04	08	45	53	33		24	24	24	24	24	22	24	25	30	34	38	42	42	40	39	37	33	30	26	24	22	20	18	17	16	16	15	14	14	13	-193	-148	-105	-79	-92	-93	-115	-141	-134	-145	-118	-121	-114	-113	-98	-123	-126	-125	-126	-109	-103	-79	-95	-145	-103	-132	-168	-83	-146	-236	-3133	-3102	-3094	-3103	-3109	-3149	-3180	-3179	-3197	-3205	-3229	-3246	-3248	-3227	-3235	-3217	-3237	-3207	-3214	-3186	-3183	-3168	-3140	-3171	-3192	-3153	-3102	-3268	-3015	-3232	3139	3106	3096	3104	3110	3150	3182	3182	3200	3208	3231	3248	3250	3229	3236	3219	3239	3209	3216	3188	3185	3169	3141	3174	3194	3156	3107	3269	3019	3241	183.50	182.70	181.90	181.50	181.70	181.70	182.10	182.50	182.40	182.60	182.10	182.10	182.00	182.00	181.70	182.20	182.20	182.20	182.20	182.00	181.90	181.40	181.70	182.60	181.80	182.40	183.10	181.50	182.80	184.20	18.54108036	-159.09578000	18.54092832	-159.09578419
99	14	07	04	09	05	55	02		23	24	24	24	22	22	20	23	27	30	33	37	38	38	38	36	33	30	27	24	21	19	18	17	17	16	15	14	14	13	-170	-159	-158	-95	-85	-75	-126	-123	-145	-151	-169	-162	-156	-159	-159	-187	-161	-179	-158	-167	-201	-181	-135	-92	-99	-164	-139	-202	-224	45	-3180	-3150	-3152	-3156	-3197	-3210	-3189	-3229	-3263	-3262	-3265	-3286	-3288	-3295	-3270	-3280	-3273	-3269	-3245	-3222	-3240	-3215	-3218	-3247	-3140	-3181	-3142	-3079	-3205	-3234	3185	3154	3156	3157	3198	3211	3191	3231	3266	3265	3269	3290	3292	3299	3274	3285	3277	3274	3249	3226	3246	3220	3221	3248	3142	3185	3145	3086	3213	3234	183.10	182.90	182.90	181.70	181.50	181.30	182.30	182.20	182.50	182.70	183.00	182.80	182.70	182.80	182.80	183.30	182.80	183.10	182.80	183.00	183.50	183.20	182.40	181.60	181.80	183.00	182.50	183.80	184.00	179.20	18.54108036	-159.09578000	18.54092832	-159.09578419
