"Series Data"
"C:\Data\OceanDataView\ADCP Text Files\S254003_000000.LTA"
"Broadband 76.8 kHz"
"Pings/Ens ="	174
"Time/Ping = 00:02.00"
"First Ensemble Date = 14/07/04"
"First Ensemble Time = 17:10:45.73"
"Ensemble Interval (s) = "	1200.03
"1st Bin Range (m) = "	18.68
"Bin Size (m) ="	10.00


Ens	YR	MO	DA	HH	MM	SS	HH		"EAA"	"EAA"	"EAA"	"EAA"	"EAA"	"EAA"	"EAA"	"EAA"	"EAA"	"EAA"	"EAA"	"EAA"	"EAA"	"EAA"	"EAA"	"EAA"	"EAA"	"EAA"	"EAA"	"EAA"	"EAA"	"EAA"	"EAA"	"EAA"	"EAA"	"EAA"	"EAA"	"EAA"	"EAA"	"EAA"	"Eas"	"Eas"	"Eas"	"Eas"	"Eas"	"Eas"	"Eas"	"Eas"	"Eas"	"Eas"	"Eas"	"Eas"	"Eas"	"Eas"	"Eas"	"Eas"	"Eas"	"Eas"	"Eas"	"Eas"	"Eas"	"Eas"	"Eas"	"Eas"	"Eas"	"Eas"	"Eas"	"Eas"	"Eas"	"Eas"	"Nor"	"Nor"	"Nor"	"Nor"	"Nor"	"Nor"	"Nor"	"Nor"	"Nor"	"Nor"	"Nor"	"Nor"	"Nor"	"Nor"	"Nor"	"Nor"	"Nor"	"Nor"	"Nor"	"Nor"	"Nor"	"Nor"	"Nor"	"Nor"	"Nor"	"Nor"	"Nor"	"Nor"	"Nor"	"Nor"	"Mag"	"Mag"	"Mag"	"Mag"	"Mag"	"Mag"	"Mag"	"Mag"	"Mag"	"Mag"	"Mag"	"Mag"	"Mag"	"Mag"	"Mag"	"Mag"	"Mag"	"Mag"	"Mag"	"Mag"	"Mag"	"Mag"	"Mag"	"Mag"	"Mag"	"Mag"	"Mag"	"Mag"	"Mag"	"Mag"	"Dir"	"Dir"	"Dir"	"Dir"	"Dir"	"Dir"	"Dir"	"Dir"	"Dir"	"Dir"	"Dir"	"Dir"	"Dir"	"Dir"	"Dir"	"Dir"	"Dir"	"Dir"	"Dir"	"Dir"	"Dir"	"Dir"	"Dir"	"Dir"	"Dir"	"Dir"	"Dir"	"Dir"	"Dir"	"Dir"	    "FLat"	    "FLon"	    "LLat"	    "LLon"
									"cnt"	"cnt"	"cnt"	"cnt"	"cnt"	"cnt"	"cnt"	"cnt"	"cnt"	"cnt"	"cnt"	"cnt"	"cnt"	"cnt"	"cnt"	"cnt"	"cnt"	"cnt"	"cnt"	"cnt"	"cnt"	"cnt"	"cnt"	"cnt"	"cnt"	"cnt"	"cnt"	"cnt"	"cnt"	"cnt"	"mm/s"	"mm/s"	"mm/s"	"mm/s"	"mm/s"	"mm/s"	"mm/s"	"mm/s"	"mm/s"	"mm/s"	"mm/s"	"mm/s"	"mm/s"	"mm/s"	"mm/s"	"mm/s"	"mm/s"	"mm/s"	"mm/s"	"mm/s"	"mm/s"	"mm/s"	"mm/s"	"mm/s"	"mm/s"	"mm/s"	"mm/s"	"mm/s"	"mm/s"	"mm/s"	"mm/s"	"mm/s"	"mm/s"	"mm/s"	"mm/s"	"mm/s"	"mm/s"	"mm/s"	"mm/s"	"mm/s"	"mm/s"	"mm/s"	"mm/s"	"mm/s"	"mm/s"	"mm/s"	"mm/s"	"mm/s"	"mm/s"	"mm/s"	"mm/s"	"mm/s"	"mm/s"	"mm/s"	"mm/s"	"mm/s"	"mm/s"	"mm/s"	"mm/s"	"mm/s"	"mm/s"	"mm/s"	"mm/s"	"mm/s"	"mm/s"	"mm/s"	"mm/s"	"mm/s"	"mm/s"	"mm/s"	"mm/s"	"mm/s"	"mm/s"	"mm/s"	"mm/s"	"mm/s"	"mm/s"	"mm/s"	"mm/s"	"mm/s"	"mm/s"	"mm/s"	"mm/s"	"mm/s"	"mm/s"	"mm/s"	"mm/s"	"mm/s"	"mm/s"	"mm/s"	"deg"	"deg"	"deg"	"deg"	"deg"	"deg"	"deg"	"deg"	"deg"	"deg"	"deg"	"deg"	"deg"	"deg"	"deg"	"deg"	"deg"	"deg"	"deg"	"deg"	"deg"	"deg"	"deg"	"deg"	"deg"	"deg"	"deg"	"deg"	"deg"	"deg"	     "deg"	     "deg"	     "deg"	     "deg"
									31	32	33	34	35	36	37	38	39	40	41	42	43	44	45	46	47	48	49	50	51	52	53	54	55	56	57	58	59	60	31	32	33	34	35	36	37	38	39	40	41	42	43	44	45	46	47	48	49	50	51	52	53	54	55	56	57	58	59	60	31	32	33	34	35	36	37	38	39	40	41	42	43	44	45	46	47	48	49	50	51	52	53	54	55	56	57	58	59	60	31	32	33	34	35	36	37	38	39	40	41	42	43	44	45	46	47	48	49	50	51	52	53	54	55	56	57	58	59	60	31	32	33	34	35	36	37	38	39	40	41	42	43	44	45	46	47	48	49	50	51	52	53	54	55	56	57	58	59	60

1	14	07	04	17	10	45	73		31	30	30	31	32	32	32	34	36	37	37	38	38	38	38	35	34	32	31	29	28	26	24	22	21	19	18	16	16	16	-45	-19	-31	-24	-38	-60	-40	-50	-92	-69	-78	-98	-123	-118	-107	-83	-84	-50	-72	-43	-59	-53	-29	-24	-49	-11	-33	-30	-62	-83	-22	-8	-5	-18	-13	1	19	-14	-39	-50	-50	-12	3	6	23	37	50	58	57	46	37	47	56	31	48	52	35	80	94	114	50	21	31	30	40	60	44	52	100	85	93	99	123	118	109	91	98	77	92	63	70	71	63	39	69	53	48	85	113	141	243.90	247.20	260.80	233.10	251.10	271.00	295.40	254.40	247.00	234.10	237.30	263.00	271.40	272.90	282.10	294.00	300.80	319.20	308.40	316.90	302.10	311.60	332.60	322.30	314.40	348.10	316.70	339.40	326.60	323.90	17.79773086	-159.32459548	17.76876854	-159.33061067
2	14	07	04	17	30	47	44		28	28	27	26	27	29	31	34	37	37	37	39	40	40	40	38	36	34	32	30	28	26	24	22	20	18	17	16	16	15	-145	-98	-93	-116	-124	-146	-138	-156	-145	-154	-146	-198	-206	-222	-207	-180	-159	-156	-124	-135	-137	-76	-100	-61	-50	-88	-75	-21	-162	65	-17	-32	-75	-40	-31	-26	-71	-80	-115	-96	-100	-78	-59	-53	-60	-32	-39	-8	10	2	-10	-17	-24	-2	15	47	45	71	43	-172	146	103	119	123	128	148	155	175	185	181	177	213	214	228	216	183	164	156	124	135	137	78	103	61	52	100	87	74	168	184	263.30	251.90	231.10	251.00	256.00	259.90	242.80	242.90	231.60	238.10	235.60	248.50	254.00	256.60	253.80	259.90	256.20	267.10	274.60	270.80	265.80	257.40	256.50	268.10	286.70	298.10	301.00	343.50	284.90	159.30	17.76871347	-159.33063816	17.73359665	-159.34184351
3	14	07	04	17	50	49	14		28	27	25	24	24	26	29	32	34	37	39	40	41	41	40	39	37	35	34	32	29	27	25	22	20	19	17	16	15	14	-121	-122	-111	-99	-122	-120	-138	-131	-142	-150	-136	-106	-129	-137	-141	-131	-118	-129	-132	-119	-114	-82	-78	-102	-105	-89	-54	-31	-126	-22	8	-2	-4	-9	2	20	-20	-50	-28	-18	-5	17	-1	-18	-8	21	40	47	63	77	60	47	67	83	85	119	57	66	137	270	121	122	111	99	122	122	139	140	145	151	136	107	129	138	141	133	125	137	146	142	129	95	103	132	135	149	79	73	186	271	273.80	269.10	267.90	264.80	270.90	279.50	261.80	249.10	258.80	263.20	267.90	279.10	269.60	262.50	266.80	279.10	288.70	290.00	295.50	302.90	297.80	299.80	310.70	309.10	309.00	323.20	316.50	334.80	317.40	355.30	17.73355365	-159.34181769	17.69902918	-159.35257637
4	14	07	04	18	10	50	83		31	28	26	25	24	25	29	32	34	35	35	36	38	38	38	36	35	34	32	30	28	26	24	23	21	19	18	16	15	15	-96	-110	-109	-116	-103	-89	-118	-145	-139	-101	-77	-58	-66	-68	-67	-79	-65	-89	-87	-44	-46	-55	-51	-28	-31	-8	-23	27	-61	-98	-25	-2	-2	-24	-5	-17	-15	-29	10	19	38	41	24	9	1	13	2	6	15	43	65	86	75	62	59	66	74	78	137	254	99	110	109	118	103	91	119	148	139	103	86	71	70	69	67	80	65	89	88	62	80	102	91	68	67	66	77	83	150	272	255.40	269.00	268.90	258.30	267.20	259.20	262.80	258.70	274.10	280.70	296.30	305.30	290.00	277.50	270.90	279.30	271.80	273.90	279.80	314.30	324.70	327.40	325.80	335.70	332.30	353.10	342.70	19.10	336.00	338.90	17.69897184	-159.35260101	17.66462934	-159.36380351
5	14	07	04	18	30	52	56		35	32	31	29	27	27	28	32	33	34	35	37	38	38	38	37	35	33	30	29	28	26	24	22	20	18	17	16	15	14	-136	-122	-98	-111	-100	-105	-111	-138	-141	-109	-95	-106	-85	-76	-109	-105	-128	-99	-96	-84	-78	-60	-56	-52	-31	-24	18	-72	-31	34	-62	-50	-23	1	-34	-2	12	-25	6	16	11	27	27	-3	-12	12	4	15	27	57	94	102	99	143	118	120	125	182	111	78	149	132	101	111	106	105	112	140	141	110	96	109	89	76	110	106	128	100	100	102	122	118	114	152	122	122	126	196	115	85	245.50	247.70	256.80	270.50	251.20	268.90	276.20	259.70	272.40	278.40	276.60	284.30	287.60	267.70	263.70	276.50	271.80	278.60	285.70	304.20	320.30	329.50	330.50	340.00	345.30	348.70	8.20	338.40	344.40	23.60	17.66457687	-159.36383863	17.63060569	-159.37461918
6	14	07	04	18	50	47	38		33	31	29	28	28	28	31	34	35	36	37	38	38	38	37	36	34	32	30	28	26	25	23	22	20	18	17	16	16	15	-87	-98	-76	-83	-79	-109	-100	-111	-112	-100	-103	-101	-91	-91	-71	-77	-66	-84	-77	-43	-49	-69	-48	-55	-32	-47	-22	27	103	-125	18	55	47	59	39	44	31	9	10	24	25	32	26	5	38	-3	5	11	23	59	81	72	100	83	84	145	88	132	80	162	89	112	89	102	88	118	105	111	112	103	106	106	95	91	81	77	66	85	80	73	95	100	111	100	90	152	91	135	130	205	281.70	299.30	301.70	305.40	296.30	292.00	287.20	274.60	275.10	283.50	283.60	287.60	285.90	273.10	298.20	267.80	274.30	277.50	286.60	323.90	328.80	316.20	334.40	326.50	339.10	342.00	346.00	11.60	52.20	322.30	17.63048734	-159.37464684	17.59478521	-159.38617037
7	14	07	04	19	10	49	11		29	30	28	28	26	26	28	30	32	34	36	36	37	36	35	33	31	28	27	25	23	22	20	18	18	17	16	16	14	14	-152	-139	-152	-145	-135	-158	-146	-166	-164	-159	-163	-155	-161	-156	-142	-130	-120	-101	-108	-94	-70	-71	-43	-37	-11	-22	-44	0	-100	-86	92	88	76	28	22	52	21	-11	1	-24	13	17	21	30	31	25	35	33	62	74	91	99	70	98	73	56	60	197	79	203	178	165	170	148	137	166	148	166	164	161	164	156	162	159	145	132	125	106	125	120	115	122	82	105	74	60	74	197	127	220	301.20	302.30	296.60	280.90	279.30	288.20	278.20	266.20	270.30	261.40	274.60	276.30	277.40	280.90	282.30	280.90	286.30	288.10	299.90	308.20	322.40	324.40	328.40	339.30	351.40	338.60	323.70	0.00	308.30	337.00	17.59472368	-159.38620113	17.56383453	-159.39059517
8	14	07	04	19	30	50	81		28	30	30	29	28	25	26	29	33	36	39	41	40	38	35	32	30	27	25	23	22	21	20	18	18	16	16	15	15	14	-26	-40	-37	-47	-49	-42	-57	-61	-49	-58	-64	-53	-65	-58	-66	-66	-43	-22	-29	-25	6	8	16	54	39	44	-19	46	46	104	81	50	75	42	30	37	13	-15	-11	-1	-6	-5	-4	-22	-13	-29	-44	-31	0	2	3	-9	12	30	38	-21	53	103	52	-14	85	64	84	63	57	56	58	63	50	58	64	53	65	62	67	72	62	38	29	25	7	12	20	62	54	49	56	113	69	105	342.20	321.30	333.70	311.80	301.50	311.40	282.80	256.20	257.30	269.00	264.60	264.60	266.50	249.20	258.90	246.30	224.30	215.40	270.00	274.60	63.40	138.40	53.10	60.90	45.70	115.50	340.30	24.10	41.50	97.70	17.56379236	-159.39058780	17.54742318	-159.39678680
9	14	07	04	19	50	52	52		24	24	24	23	22	22	24	28	30	33	35	36	34	33	30	28	26	24	22	20	20	20	19	17	16	15	15	15	14	13	-43	-71	-75	-87	-52	-78	-62	-80	-100	-84	-85	-77	-77	-98	-74	-70	-76	-45	-42	-13	-19	-13	24	10	-21	30	36	135	230	18	157	170	145	157	137	148	141	105	107	96	77	70	50	51	40	69	83	91	97	110	114	97	106	135	99	113	180	122	296	88	163	184	163	179	147	167	154	132	146	128	115	104	92	110	84	98	113	102	106	111	116	98	109	135	101	117	184	182	375	90	344.70	337.30	332.70	331.00	339.20	332.20	336.30	322.70	316.90	318.80	312.20	312.30	303.00	297.50	298.40	314.60	317.50	333.70	336.60	353.30	350.50	352.40	12.80	4.20	348.00	14.90	11.30	47.90	37.80	11.60	17.54746836	-159.39680801	17.54843471	-159.40523249
10	14	07	04	20	10	47	31		23	24	24	22	22	24	26	29	33	36	36	35	34	32	29	26	24	24	23	22	20	20	19	17	16	16	15	14	13	13	-28	-29	-49	-64	-47	-47	-59	-56	-86	-67	-62	-63	-57	-24	-12	-34	-23	1	38	45	73	64	74	35	15	-17	122	-38	138	14	153	136	109	128	107	75	70	70	78	50	63	46	52	41	45	78	64	74	88	89	73	65	52	68	67	99	94	110	108	137	156	139	120	143	117	89	92	90	116	84	88	78	77	48	47	85	68	74	96	100	103	91	90	76	69	100	154	116	175	138	349.60	348.00	335.80	333.40	336.30	327.90	319.90	321.30	312.20	306.70	315.50	306.10	312.40	329.70	345.10	336.40	340.20	0.80	23.40	26.80	45.00	44.60	54.90	27.20	12.60	350.30	52.40	340.90	52.00	5.80	17.54843320	-159.40524951	17.54753030	-159.41092246
11	14	07	04	20	30	49	02		22	23	24	24	24	24	27	30	33	36	37	36	34	32	30	27	25	24	23	22	21	20	20	18	17	16	16	15	14	13	-34	-34	-8	-35	-54	-46	-37	-31	-44	-64	-58	-49	-38	-44	-11	-37	-18	6	-8	24	32	58	61	23	64	24	115	91	-26	160	120	108	104	111	130	109	70	106	71	72	51	37	42	16	42	56	70	54	76	40	31	39	55	55	59	62	102	64	48	33	125	113	104	116	141	118	79	110	84	96	77	61	57	47	43	67	72	54	76	47	45	70	82	60	87	66	154	111	55	163	344.20	342.50	355.60	342.50	337.40	337.10	332.10	343.70	328.20	318.40	311.30	307.10	317.90	290.00	345.30	326.50	345.60	6.30	354.00	31.00	45.90	56.10	48.00	22.70	47.30	21.20	48.40	54.90	331.60	78.30	17.54752980	-159.41093981	17.54664701	-159.41638503
12	14	07	04	20	50	50	70		23	24	25	25	24	24	27	30	32	35	37	36	35	33	30	28	26	24	23	22	21	20	19	18	17	16	14	14	14	13	-36	-40	-30	-58	-56	-57	-25	-61	-70	-77	-67	-73	-59	-100	-69	-87	-67	-62	-54	-32	-13	-16	-12	-25	-61	-49	-92	-77	57	27	89	74	65	90	133	130	102	63	62	64	45	56	35	53	44	62	34	68	61	32	60	30	55	56	33	62	84	-6	139	4	96	84	72	107	144	142	105	88	94	100	81	92	69	113	82	107	75	92	81	45	61	34	56	61	69	79	125	77	150	27	338.00	331.60	335.20	327.20	337.20	336.30	346.20	315.90	311.50	309.70	303.90	307.50	300.70	297.90	302.50	305.50	296.90	317.60	318.50	315.00	347.80	331.90	347.70	335.90	298.40	321.70	312.40	265.50	22.30	81.60	17.54664131	-159.41638897	17.53138499	-159.42177267
13	14	07	04	21	10	52	41		23	24	24	24	24	26	30	33	35	36	36	36	36	35	33	31	28	26	24	23	22	21	20	18	17	16	16	14	14	13	-123	-95	-120	-124	-71	-55	-80	-93	-105	-93	-84	-91	-90	-90	-92	-98	-80	-59	-61	-45	-41	-61	-71	-54	-16	-86	-22	-50	-93	82	42	50	39	94	73	79	58	16	31	34	12	49	51	30	26	20	20	48	30	40	46	38	17	-4	30	-10	3	90	-7	351	130	107	126	156	102	96	99	94	109	99	85	103	103	95	96	100	82	76	68	60	62	72	73	54	34	87	22	103	93	360	288.90	297.80	288.00	307.20	315.80	325.20	305.90	279.80	286.40	290.10	278.10	298.30	299.50	288.40	285.80	281.50	284.00	309.10	296.20	311.60	318.30	301.90	283.50	265.80	331.90	263.40	277.80	330.90	265.70	13.10	17.53132565	-159.42178952	17.50148213	-159.42790085
14	14	07	04	21	30	47	19		23	23	24	26	24	24	26	29	31	32	34	34	35	34	32	30	29	27	25	23	22	21	20	18	17	17	16	15	14	14	-168	-196	-194	-186	-137	-134	-164	-161	-159	-130	-137	-131	-138	-143	-135	-133	-130	-109	-139	-112	-113	-107	-88	-155	-157	-141	-84	-125	-148	-27	52	40	77	75	114	118	96	88	77	72	98	110	119	118	111	120	106	103	99	124	124	106	81	85	88	136	93	109	98	244	176	200	209	201	178	179	190	183	177	149	168	171	182	185	175	179	168	150	171	167	168	151	120	177	180	196	125	166	178	245	287.20	281.50	291.60	292.00	309.80	311.40	300.30	298.70	295.80	299.00	305.60	310.00	310.80	309.50	309.40	312.10	309.20	313.40	305.50	317.90	317.70	314.70	312.60	298.70	299.30	314.00	317.90	311.10	303.50	353.70	17.50142681	-159.42790881	17.46788998	-159.43971153
15	14	07	04	21	50	48	94		24	25	26	26	25	23	24	27	30	30	29	29	30	32	31	30	28	27	26	25	23	22	21	20	18	18	16	16	15	14	-156	-175	-175	-168	-124	-102	-115	-90	-112	-134	-99	-116	-129	-114	-111	-91	-101	-69	-95	-89	-70	-84	-106	-101	-88	-80	-95	-109	-94	13	55	32	34	58	58	110	95	66	67	56	94	107	125	109	102	105	107	127	122	154	111	119	110	111	87	103	126	68	189	-12	165	178	178	178	137	150	149	112	131	145	137	158	180	158	151	139	147	145	155	178	131	146	153	150	124	130	158	128	211	18	289.40	280.40	281.00	289.00	295.10	317.20	309.60	306.30	300.90	292.70	313.50	312.70	314.10	313.70	312.60	319.10	316.70	331.50	322.10	330.00	327.80	324.80	316.10	317.70	314.70	322.20	323.00	302.00	333.60	132.70	17.46783265	-159.43974615	17.43121052	-159.45163848
16	14	07	04	22	10	50	73		26	27	27	26	24	23	24	26	28	30	31	32	34	35	35	35	34	31	29	28	27	25	22	20	19	18	17	16	15	14	-185	-192	-183	-172	-139	-123	-87	-122	-110	-104	-99	-97	-78	-107	-80	-77	-78	-84	-56	-56	-88	-87	-56	-75	-94	-106	-130	-29	-70	-73	38	21	28	51	59	36	54	63	69	74	101	81	84	63	62	61	58	90	133	93	88	58	79	76	60	64	70	104	91	67	189	193	185	179	151	128	102	137	130	128	141	126	115	124	101	98	97	123	144	109	124	105	97	107	112	124	148	108	115	99	281.60	276.20	278.70	286.50	293.00	286.30	301.80	297.30	302.10	305.40	315.60	309.90	317.10	300.50	307.80	308.40	306.60	317.00	337.20	328.90	315.00	303.70	324.70	315.40	302.60	301.10	298.30	344.40	322.40	312.50	17.43115285	-159.45166237	17.39637483	-159.46402567
17	14	07	04	22	30	52	44		28	27	26	26	24	23	23	27	30	34	36	40	41	42	40	40	38	34	31	29	27	25	22	19	18	17	17	16	14	14	-147	-138	-109	-79	-76	-85	-34	-63	-71	-68	-61	-49	-56	-48	-64	-50	-20	-19	1	22	41	8	26	28	-22	-63	-63	-91	-12	109	54	48	58	68	57	70	70	51	47	89	112	109	87	76	81	94	82	74	116	117	83	78	84	101	96	68	99	93	42	203	157	146	123	104	95	110	78	81	85	112	128	120	103	90	103	106	84	76	116	119	93	78	88	105	98	93	117	130	44	230	290.20	289.20	298.00	310.70	306.90	309.50	334.10	309.00	303.50	322.60	331.40	335.80	327.20	327.70	321.70	332.00	346.30	345.60	0.50	10.60	26.30	5.90	17.20	15.50	347.10	317.20	327.50	315.60	344.10	28.20	17.39632169	-159.46403867	17.36167987	-159.47646232
18	14	07	04	22	50	47	25		29	28	26	24	23	23	26	32	34	36	37	38	39	40	40	37	34	31	28	26	24	22	20	19	17	16	16	14	14	14	-183	-187	-160	-116	-82	-98	-129	-145	-149	-129	-109	-94	-106	-95	-98	-105	-108	-94	-103	-69	-56	-56	-49	-71	-47	-9	-36	-150	40	18	31	31	69	63	51	55	35	-11	27	59	96	108	97	116	82	88	97	73	95	88	76	71	47	57	56	21	13	60	-104	87	186	190	174	132	97	112	134	145	151	142	145	143	144	150	128	137	145	119	140	112	94	90	68	91	73	23	38	162	111	89	279.60	279.40	293.30	298.50	301.90	299.30	285.20	265.70	280.30	294.60	311.40	319.00	312.50	320.70	309.90	310.00	311.90	307.80	312.70	321.90	323.60	321.70	313.80	308.80	320.00	336.80	289.90	291.80	159.00	11.70	17.36158113	-159.47651630	17.32515899	-159.48946869
19	14	07	04	23	10	48	94		31	29	28	26	25	26	29	32	33	34	34	35	35	35	34	32	29	27	26	24	23	22	20	18	17	16	15	14	14	13	-138	-121	-62	-98	-97	-119	-109	-114	-107	-82	-55	-45	-75	-68	-68	-71	-61	-65	-43	-28	-36	-19	-10	7	-49	-90	-57	-143	-306	47	67	85	87	88	113	87	88	95	123	137	157	183	149	135	135	135	156	150	99	131	106	96	117	66	86	9	-7	42	86	329	153	148	107	132	149	147	140	148	163	160	166	188	167	151	151	153	168	163	108	134	112	98	117	66	99	90	57	149	318	332	295.90	305.10	324.50	311.90	319.40	306.20	308.90	309.80	319.00	329.10	340.70	346.20	333.30	333.30	333.30	332.30	338.60	336.60	336.50	347.90	341.20	348.80	355.10	6.10	330.30	275.70	263.00	286.40	285.70	8.10	17.32509253	-159.48948101	17.28912083	-159.50322281
20	14	07	04	23	30	50	66		28	26	25	24	23	24	28	30	32	32	32	33	34	33	32	30	28	28	26	24	23	21	19	18	17	16	15	15	14	14	-125	-104	-102	-95	-88	-121	-138	-128	-126	-91	-81	-69	-59	-37	-63	-36	-15	-17	-9	11	6	-9	-2	-12	-13	-55	46	34	121	-305	136	114	119	139	157	129	166	125	179	221	248	209	192	175	198	217	206	212	173	156	178	174	122	160	182	123	223	147	348	324	185	154	157	168	180	177	216	179	219	239	261	220	201	179	208	220	207	213	173	156	178	174	122	160	182	135	228	151	368	445	317.40	317.60	319.40	325.60	330.70	316.80	320.30	314.30	324.90	337.60	341.90	341.70	342.90	348.10	342.30	350.60	355.80	355.40	357.00	4.00	1.90	357.00	359.10	355.70	355.90	335.90	11.70	13.00	19.20	316.70	17.28905403	-159.50322566	17.25305988	-159.51809884
21	14	07	04	23	50	46	53		28	26	24	23	21	22	23	26	28	29	30	31	32	32	32	30	28	27	26	24	22	21	20	18	17	16	15	15	14	13	-119	-101	-113	-100	-117	-152	-161	-156	-156	-143	-124	-85	-77	-59	-56	-51	-14	-11	7	3	26	1	4	-17	56	58	-13	-143	118		87	96	85	80	75	132	104	132	132	166	177	190	188	158	167	188	186	186	184	141	144	112	128	91	118	99	84	148	138		147	139	141	128	139	201	192	204	204	219	216	208	203	169	176	195	187	186	184	141	146	112	128	93	131	115	85	206	182		306.20	313.50	307.00	308.70	302.70	311.00	302.90	310.20	310.20	319.30	325.00	335.90	337.70	339.50	341.50	344.80	355.70	356.60	2.20	1.20	10.20	0.50	1.80	349.40	25.40	30.40	351.20	316.00	40.50		17.25300137	-159.51813187	17.21841252	-159.53175380
22	14	07	05	00	10	48	22		30	28	25	24	22	24	25	26	28	29	30	30	31	31	31	30	29	27	25	24	22	21	19	18	17	16	15	14	14	14	-82	-101	-117	-131	-145	-166	-181	-223	-197	-175	-184	-138	-105	-119	-84	-81	-63	-85	-39	-42	-61	-52	-56	-58	-59	63	-31	55	-136	-215	28	42	49	86	53	100	66	58	85	95	115	135	153	139	103	114	97	77	58	60	57	78	58	78	43	-30	87	-37	-114	335	87	109	127	157	154	194	193	230	215	199	217	193	186	183	133	140	116	115	70	73	83	94	81	97	73	70	92	66	177	398	288.90	292.60	292.70	303.30	290.10	301.10	290.00	284.60	293.30	298.50	302.00	314.40	325.50	319.40	320.80	324.60	327.00	312.20	326.10	325.00	313.10	326.30	316.00	323.40	306.10	115.50	340.40	123.90	230.00	327.30	17.21836818	-159.53179303	17.17911900	-159.54505018
23	14	07	05	00	30	49	91		32	31	28	26	28	30	31	31	32	34	34	33	33	32	31	30	28	27	25	24	22	21	19	18	18	16	15	15	14	14	-122	-149	-154	-141	-155	-180	-219	-232	-243	-230	-200	-187	-147	-133	-140	-114	-111	-122	-121	-110	-90	-102	-97	-64	-109	-96	-65	106	-56	-517	66	68	77	108	94	79	111	138	140	159	172	161	162	138	126	130	125	98	109	106	120	111	64	82	64	76	23	8	-62	537	139	164	172	178	181	197	246	270	280	280	264	247	219	192	188	173	167	156	163	153	150	151	116	104	126	122	69	106	84	745	298.40	294.50	296.60	307.50	301.20	293.70	296.90	300.70	299.90	304.70	310.70	310.70	317.80	316.10	312.00	318.80	318.40	308.80	312.00	313.90	323.10	317.40	303.40	322.00	300.40	308.40	289.50	85.70	222.10	316.10	17.17905647	-159.54507214	17.13814767	-159.55860204
24	14	07	05	00	50	51	59		32	30	28	27	28	30	32	32	33	34	35	35	35	33	32	30	28	27	26	24	22	20	19	19	18	16	15	15	15	14	-124	-129	-145	-124	-145	-158	-184	-201	-210	-224	-243	-206	-181	-139	-111	-96	-100	-101	-104	-129	-127	-112	-115	-118	-89	-80	21	196	-250		50	19	20	3	52	69	93	89	123	124	119	130	142	129	123	133	116	135	95	100	118	137	122	91	85	75	75	-247	125		134	130	146	124	154	172	206	220	243	256	271	244	230	190	166	164	153	169	141	163	173	177	168	149	123	110	78	315	280		292.00	278.40	277.90	271.40	289.70	293.60	296.80	293.90	300.40	299.00	296.10	302.30	308.10	312.90	317.90	324.20	319.20	323.20	312.40	307.80	312.90	320.70	316.70	307.60	313.70	313.20	15.60	141.60	296.60		17.13809151	-159.55864370	17.09765864	-159.57199129
25	14	07	05	01	10	46	38		30	29	29	28	29	31	32	32	32	34	35	36	36	34	32	30	29	29	28	26	24	21	20	20	18	18	16	15	15	15	-169	-170	-214	-192	-160	-179	-181	-214	-244	-228	-253	-248	-202	-191	-155	-113	-145	-119	-157	-151	-151	-131	-157	-100	-156	-105	-75	-59	-125	-97	36	5	-17	-3	17	61	66	73	72	94	120	112	120	141	111	119	137	131	132	110	132	111	151	101	50	85	24	123	-98	-201	173	170	215	192	161	189	193	226	254	247	280	272	235	237	191	164	199	177	205	187	201	172	218	142	164	135	79	136	159	223	282.00	271.70	265.50	269.10	276.10	288.80	290.00	288.80	286.40	292.40	295.40	294.30	300.70	306.40	305.60	316.50	313.40	317.70	310.10	306.10	311.20	310.30	313.90	315.30	287.80	309.00	287.70	334.40	231.90	205.80	17.09759519	-159.57200965	17.05498913	-159.58333553
26	14	07	05	01	30	48	91		32	30	30	30	29	30	31	32	34	34	35	35	34	34	33	31	30	29	28	27	25	22	20	20	18	17	16	16	15	14	-180	-195	-237	-214	-206	-183	-185	-206	-190	-194	-206	-193	-178	-157	-137	-132	-107	-109	-133	-160	-129	-123	-127	-117	-203	-71	-126	-255	-734	-65	18	27	6	-3	-8	9	80	88	104	126	132	134	128	155	152	139	157	151	140	138	145	108	150	118	124	75	61	41	81	133	181	197	237	214	206	183	202	224	217	231	245	235	219	221	205	192	190	186	193	211	194	164	197	166	238	103	140	258	738	148	275.70	277.90	271.50	269.20	267.80	272.80	293.40	293.10	298.70	303.00	302.70	304.80	305.70	314.60	318.00	316.50	325.70	324.20	316.50	310.80	318.30	311.30	319.70	315.20	301.40	316.60	295.80	279.10	276.30	334.00	17.05492417	-159.58336352	17.01391236	-159.59649118
27	14	07	05	01	50	50	59		32	30	29	28	28	29	30	32	33	34	35	35	35	35	33	31	30	29	28	26	24	22	21	20	18	17	16	16	15	14	-198	-196	-246	-225	-246	-222	-237	-223	-212	-232	-189	-188	-167	-135	-137	-140	-117	-132	-145	-136	-132	-101	-111	-118	-130	-138	-141	-126	-163	-42	17	24	15	21	12	-12	15	65	96	111	108	135	118	115	119	123	130	152	110	157	136	128	137	106	85	83	7	26	-22	334	199	197	246	226	246	222	237	232	233	257	218	231	204	177	181	186	175	201	182	208	190	163	176	159	155	161	141	129	164	337	274.90	277.00	273.50	275.30	272.80	266.90	273.60	286.30	294.40	295.60	299.70	305.70	305.20	310.40	311.00	311.30	318.00	319.00	307.20	319.10	315.90	321.70	321.00	311.90	303.20	301.00	272.80	281.70	262.30	352.80	17.01385620	-159.59652596	16.97549215	-159.61014731
28	14	07	05	02	10	52	28		32	30	28	27	28	30	31	33	34	36	36	36	36	35	33	32	31	30	28	25	24	22	21	20	18	17	16	16	15	14	-219	-200	-202	-267	-247	-226	-218	-212	-177	-192	-180	-164	-150	-146	-137	-130	-158	-121	-142	-143	-128	-135	-106	-126	-144	-104	-126	-106	-79	-69	37	33	40	27	41	14	49	86	124	140	155	135	131	128	145	159	134	134	118	148	144	123	154	130	128	118	78	57	115	228	222	203	206	268	250	226	223	229	216	238	238	212	199	194	199	205	207	181	185	206	193	183	187	181	193	157	148	120	140	238	279.60	279.40	281.20	275.80	279.40	273.50	282.70	292.10	305.00	306.10	310.70	309.50	311.10	311.20	316.60	320.70	310.30	317.90	309.70	316.00	318.40	312.30	325.50	315.90	311.60	318.60	301.80	298.30	325.50	343.20	16.97543448	-159.61018570	16.93758365	-159.62267985
29	14	07	05	02	30	47	14		33	31	30	28	28	29	30	32	34	36	37	37	37	36	34	34	32	31	29	26	24	23	22	20	18	17	16	16	15	14	-169	-184	-173	-214	-222	-222	-227	-190	-203	-198	-167	-134	-110	-112	-96	-80	-117	-115	-105	-94	-91	-114	-88	-79	-104	-97	-99	-163	-198	-267	23	27	33	29	-1	-15	2	30	49	73	100	105	89	78	82	88	82	57	61	78	120	108	99	89	80	97	170	64	63	231	171	186	176	216	222	223	227	192	209	211	195	170	141	136	126	119	143	128	121	122	151	157	132	119	131	137	197	175	208	353	277.80	278.30	280.80	277.70	269.70	266.10	270.50	279.00	283.60	290.20	300.90	308.10	309.00	304.90	310.50	317.70	305.00	296.40	300.20	309.70	322.80	313.50	318.40	318.40	307.60	315.00	329.80	291.40	287.70	310.90	16.93751751	-159.62267934	16.89882665	-159.63371336
30	14	07	05	02	50	48	86		32	30	28	28	29	30	31	32	34	36	36	37	37	37	36	35	33	31	29	26	24	23	22	20	19	17	17	16	15	14	-121	-148	-162	-191	-162	-181	-178	-165	-151	-142	-126	-110	-92	-59	-64	-87	-78	-77	-96	-63	-58	-93	-75	-71	-54	-91	-91	-57	-62	41	16	-24	-41	-18	-35	-46	-4	23	63	86	95	114	115	96	94	73	89	73	100	88	122	92	104	101	100	119	129	40	112	98	122	150	167	192	166	187	178	167	164	166	158	158	147	113	114	114	118	106	139	108	135	131	128	123	114	150	158	70	128	106	277.50	260.80	255.80	264.60	257.80	255.70	268.70	277.90	292.60	301.20	307.00	316.00	321.30	328.40	325.80	310.00	318.80	313.50	316.20	324.40	334.60	314.70	324.20	324.90	331.60	322.60	324.80	305.10	331.00	22.70	16.89877803	-159.63374714	16.86218298	-159.64689584
31	14	07	05	03	10	50	55		33	31	28	27	27	28	30	31	32	34	35	36	36	36	35	34	31	29	26	25	23	21	20	18	17	16	16	15	14	14	-103	-98	-122	-139	-140	-147	-104	-112	-61	-69	-53	-53	-40	-56	-34	-46	-82	-110	-91	-115	-109	-118	-92	-92	-37	-147	-41	56	-49	144	-44	-45	-56	-40	-67	-60	-49	-12	14	37	70	79	72	48	57	62	53	41	19	83	62	88	85	84	78	124	36	131	164	36	112	108	134	145	155	159	115	113	63	78	88	95	82	74	66	77	98	117	93	142	125	147	125	125	86	192	55	142	171	148	246.90	245.30	245.30	253.90	244.40	247.80	244.80	263.90	282.90	298.20	322.90	326.10	330.90	310.60	329.20	323.40	302.90	290.40	281.80	305.80	299.60	306.70	312.70	312.40	334.60	310.10	311.30	23.10	343.40	76.00	16.86213386	-159.64692802	16.82778231	-159.65380202
32	14	07	05	03	30	52	27		32	29	26	26	27	30	32	32	33	34	34	35	35	35	34	32	29	27	25	23	21	20	19	18	17	16	15	14	14	14	-96	-88	-92	-98	-118	-103	-76	-70	-54	-24	-21	-40	-60	-51	-43	-52	-70	-55	-66	-49	-34	-31	-43	-11	-39	-43	-85	-31	-57	-139	-33	-60	-93	-67	-61	-64	-42	11	44	43	52	51	44	47	63	56	56	73	70	87	62	98	130	113	107	93	82	50	170	69	102	107	131	119	133	121	87	71	70	49	56	65	74	69	76	76	90	91	96	100	71	103	137	114	114	102	118	59	179	155	251.00	235.70	224.70	235.60	242.70	238.10	241.10	278.90	309.20	330.80	338.00	321.90	306.30	312.70	325.70	317.10	308.70	323.00	316.70	330.60	331.30	342.40	341.70	354.40	340.00	335.20	314.00	328.20	341.50	296.40	16.82771936	-159.65380680	16.79684236	-159.66894552
33	14	07	05	03	50	47	05		29	26	25	25	26	30	32	34	35	35	36	37	37	36	34	30	28	26	24	22	21	20	19	18	16	16	15	14	14	13	-77	-82	-104	-131	-114	-144	-113	-81	-88	-70	-106	-108	-111	-106	-93	-102	-81	-78	-57	-68	-40	-49	-68	-39	-20	-2	-75	-113	78	-421	-10	-14	-25	-52	-36	-28	1	10	32	34	47	32	34	58	81	84	66	63	101	98	107	95	107	70	51	89	28	39	0	-295	78	83	107	141	120	147	113	82	94	78	116	113	116	121	123	132	104	100	116	119	114	107	127	80	55	89	80	120	78	514	262.60	260.30	256.50	248.30	252.50	259.00	270.50	277.00	290.00	295.90	293.90	286.50	287.00	298.70	311.10	309.50	309.20	308.90	330.60	325.20	339.50	332.70	327.60	330.90	338.60	358.70	290.50	289.00	90.00	235.00	16.79679148	-159.66897813	16.76551315	-159.68405549
34	14	07	05	04	10	48	75		29	28	29	30	32	33	35	36	37	38	39	40	38	37	35	32	29	27	24	23	22	20	20	18	18	16	15	14	14	13	-74	-81	-117	-114	-88	-79	-106	-81	-75	-74	-104	-103	-94	-74	-57	-53	-64	-73	-73	-49	-81	-62	-19	-67	-63	-77	-52	-34	1	-210	-51	-31	-41	-36	-48	-35	-35	-31	-28	-4	4	7	44	64	79	72	67	87	70	94	78	57	65	48	66	49	27	-50	16	286	90	87	124	120	100	86	112	87	80	74	104	103	104	98	97	89	93	114	101	106	112	84	68	82	91	91	59	60	16	355	235.40	249.10	250.70	252.50	241.40	246.10	251.70	249.10	249.50	266.90	272.20	273.90	295.10	310.90	324.20	323.60	316.30	320.00	313.80	332.50	313.90	312.60	343.70	305.60	316.30	302.50	297.40	214.20	3.60	323.70	16.76545314	-159.68405717	16.73116134	-159.69602820
35	14	07	05	04	30	52	31		37	37	36	35	34	34	36	37	38	38	38	38	37	36	34	31	28	26	24	23	22	20	19	18	16	15	14	14	13	13	-47	-75	-82	-96	-74	-62	-116	-109	-96	-109	-116	-101	-93	-51	-38	-63	-69	-62	-89	-46	-87	-73	-67	-55	-44	-23	-173	-46	-348	80	-57	-43	-40	-33	-44	-46	-45	-37	-18	2	13	30	46	49	58	61	36	41	34	44	35	20	48	16	18	9	-102	-90	76	55	74	86	91	102	86	77	124	115	98	109	117	105	104	71	69	88	78	74	95	64	94	76	82	57	48	25	201	101	356	97	219.50	240.20	244.00	251.00	239.30	233.40	248.80	251.30	259.40	271.10	276.40	286.50	296.30	313.90	326.80	314.10	297.60	303.50	290.90	313.70	291.90	285.30	305.60	286.20	292.20	291.40	239.50	207.10	282.30	55.50	16.73111114	-159.69604187	16.69721900	-159.70712802
36	14	07	05	04	50	47	27		38	37	36	36	36	37	39	40	41	41	40	40	39	37	34	32	29	26	24	22	20	19	18	16	16	15	14	13	13	13	-79	-86	-91	-76	-97	-111	-138	-149	-134	-112	-114	-109	-87	-105	-92	-87	-89	-113	-86	-94	-114	-109	-108	-101	-92	-161	-11	-79	404	-83	-37	-35	-22	-16	-27	-41	-24	-23	27	45	42	58	71	60	53	56	59	55	17	42	54	19	16	-14	47	48	2	24	-125	-419	87	93	94	78	101	118	140	151	137	121	121	123	112	121	106	103	107	126	88	103	126	111	109	102	103	168	11	83	423	427	244.90	247.90	256.40	258.10	254.40	249.70	260.10	261.20	281.40	291.90	290.20	298.00	309.20	299.70	299.90	302.80	303.50	296.00	281.20	294.10	295.30	279.90	278.40	262.10	297.10	286.60	280.30	286.90	107.20	191.20	16.69714264	-159.70714303	16.66335502	-159.71901029
37	14	07	05	05	10	48	97		42	42	40	39	38	39	40	41	42	42	41	40	38	35	32	29	27	24	23	21	20	19	18	17	16	15	14	14	13	13	-101	-79	-104	-100	-85	-106	-125	-120	-111	-66	-72	-65	-54	-63	-62	-67	-68	-88	-111	-118	-100	-73	-112	-92	-132	-75	-49	-140	-91	-141	-32	-36	-42	-44	-23	-45	4	17	55	63	53	83	75	74	105	102	47	19	44	54	44	36	54	24	-23	-2	30	124	117	1	106	87	112	109	88	115	125	121	124	91	89	105	92	97	122	122	83	90	119	130	109	81	124	95	134	75	57	187	148	141	252.40	245.50	248.00	246.30	254.90	247.00	271.80	278.10	296.40	313.70	306.40	321.90	324.20	319.60	329.40	326.70	304.70	282.20	291.60	294.60	293.70	296.30	295.70	284.60	260.10	268.50	301.50	311.50	322.10	270.40	16.66329584	-159.71903033	16.62988096	-159.73190736
38	14	07	05	05	30	50	69		42	40	38	38	38	38	39	40	40	39	37	36	34	31	28	26	24	22	22	21	20	19	17	16	16	15	14	14	13	13	-102	-125	-123	-117	-149	-156	-158	-125	-121	-70	-60	-73	-72	-96	-93	-112	-103	-139	-113	-107	-98	-99	-139	-80	-120	-125	-142	11	-64	-310	-56	-52	-30	-22	-29	-14	17	21	50	71	87	81	63	78	61	78	74	31	65	42	35	55	24	15	19	69	-74	11	-96	7	116	135	127	119	152	157	159	127	131	100	106	109	96	124	111	136	127	142	130	115	104	113	141	81	121	143	160	16	115	310	241.20	247.40	256.30	259.40	259.00	264.90	276.10	279.50	292.50	315.40	325.40	318.00	311.20	309.10	303.30	304.90	305.70	282.60	299.90	291.40	289.70	299.10	279.80	280.60	279.00	298.90	242.50	45.00	213.70	271.30	16.62982087	-159.73192270	16.59947134	-159.74711850
39	14	07	05	05	50	52	38		35	34	34	34	36	38	39	40	39	37	36	33	30	29	27	24	23	22	20	20	19	18	17	16	15	14	13	13	13	13	-111	-122	-122	-118	-147	-127	-137	-96	-91	-77	-60	-72	-84	-91	-99	-126	-142	-139	-128	-129	-130	-123	-113	-79	-110	-120	-204	-93	-246	-18	-6	-25	-15	0	2	31	37	74	104	105	105	93	88	101	63	83	47	47	15	22	54	71	27	72	119	7	-117	-29	-68	50	111	125	123	118	147	131	142	121	138	130	121	118	122	136	117	151	150	147	129	131	141	142	116	107	162	120	235	97	255	53	266.90	258.40	263.00	270.00	270.80	283.70	285.10	307.60	318.80	323.70	330.30	322.30	316.30	318.00	302.50	303.40	288.30	288.70	276.70	279.70	292.60	300.00	283.40	312.30	317.30	273.30	240.20	252.70	254.50	340.20	16.59942264	-159.74714885	16.57603235	-159.76688932
40	14	07	05	06	10	47	16		35	34	34	35	36	38	39	40	40	39	37	34	30	28	25	23	22	22	21	20	20	18	18	16	16	14	14	14	13	12	-154	-168	-137	-153	-144	-168	-164	-157	-150	-134	-122	-131	-139	-129	-129	-168	-176	-191	-197	-192	-166	-159	-128	-158	-183	-231	-157	-169	53	-120	3	0	6	22	30	54	72	91	116	119	120	91	104	77	74	61	71	64	86	95	57	85	77	70	62	100	117	48	307	165	154	168	137	155	147	176	179	181	190	179	171	160	174	150	149	179	190	201	215	214	176	180	149	173	193	252	196	176	312	204	271.10	270.00	272.50	278.20	281.80	287.80	293.70	300.10	307.70	311.60	314.50	304.80	306.80	300.80	299.80	290.00	292.00	288.50	293.60	296.30	289.00	298.10	301.00	293.90	288.70	293.40	306.70	285.90	9.80	324.00	16.57599237	-159.76690516	16.54715502	-159.78727000
41	14	07	05	06	30	48	88		32	31	30	30	32	35	36	38	40	40	38	35	32	30	28	26	24	23	22	21	20	18	17	16	16	15	14	14	13	13	-174	-167	-149	-164	-168	-154	-153	-156	-131	-135	-89	-109	-109	-106	-118	-150	-139	-164	-179	-186	-161	-199	-187	-197	-196	-106	-154	-87	10	-143	3	25	23	39	20	47	53	66	64	68	60	75	47	40	56	63	67	36	16	56	38	54	60	76	94	17	31	272	246	-234	174	169	151	169	169	161	162	169	146	151	107	132	119	113	131	163	154	168	180	194	165	206	196	211	217	107	157	286	246	274	271.00	278.50	278.80	283.40	276.80	287.00	289.10	292.90	296.00	296.70	304.00	304.50	293.30	290.70	295.40	292.80	295.70	282.40	275.10	286.80	283.30	285.20	287.80	291.10	295.60	279.10	281.40	342.30	2.30	211.40	16.54704136	-159.78730587	16.51444397	-159.80987884
42	14	07	05	06	50	50	63		31	29	28	27	29	32	35	38	40	42	41	39	37	34	32	29	26	23	22	21	19	18	17	16	16	14	14	13	14	13	-159	-161	-120	-109	-134	-135	-140	-108	-123	-108	-117	-107	-108	-103	-112	-119	-123	-174	-165	-181	-178	-213	-189	-192	-189	-178	-142	-282	-315	-187	7	45	50	47	46	27	27	43	65	63	76	67	79	55	74	61	43	72	63	52	30	28	30	15	56	108	-34	-109	175	64	159	167	130	119	142	138	143	116	139	125	140	126	134	117	134	134	130	188	177	188	181	215	191	193	197	208	146	302	360	198	272.50	285.60	292.60	293.30	288.90	281.30	280.90	291.70	297.90	300.30	303.00	302.10	306.20	298.10	303.50	297.10	289.30	292.50	290.90	286.00	279.60	277.50	279.00	274.50	286.50	301.20	256.50	248.90	299.10	288.90	16.51438999	-159.80989996	16.48201346	-159.83079001
43	14	07	05	07	10	52	33		28	26	26	25	27	31	35	38	42	43	42	40	38	35	32	29	26	24	22	20	18	18	17	16	15	14	14	14	13	13	-81	-45	-41	-58	-38	-49	-55	-37	-27	-25	-23	-28	-40	-64	-58	-64	-77	-110	-115	-142	-178	-169	-158	-206	-146	-167	-217	-58	-47	-449	52	46	65	24	24	58	35	67	49	71	82	101	92	105	94	115	101	79	74	107	69	60	89	23	72	71	117	110	-60	15	96	64	77	63	45	76	65	77	56	75	85	105	100	123	110	132	127	135	137	178	191	179	181	207	163	181	247	124	76	449	302.70	315.60	327.80	292.50	302.30	319.80	302.50	331.10	331.10	340.60	344.30	344.50	336.50	328.60	328.30	330.90	322.70	305.70	302.80	307.00	291.20	289.50	299.40	276.40	296.30	293.00	298.30	332.20	218.10	271.90	16.48195001	-159.83079898	16.44957181	-159.85187721
44	14	07	05	07	30	47	11		26	25	24	25	28	33	37	40	42	41	40	38	36	32	30	28	25	23	21	20	19	18	17	16	15	15	14	13	13	13	-47	-55	-43	-39	-67	-65	-61	-27	-27	-36	-24	-25	-38	-46	-61	-70	-78	-82	-101	-146	-137	-131	-160	-139	-159	-133	-4	-51	58		-14	9	6	-29	-41	-9	-8	29	7	22	28	57	76	78	85	94	77	83	102	51	90	54	31	43	-26	60	-50	21	13		49	56	43	49	79	66	62	40	28	42	37	62	85	91	105	117	110	117	144	155	164	142	163	145	161	146	50	55	59		253.40	279.30	277.90	233.40	238.50	262.10	262.50	317.00	284.50	301.40	319.40	336.30	333.40	329.50	324.30	323.30	314.60	315.30	315.30	289.30	303.30	292.40	281.00	287.20	260.70	294.30	184.60	292.40	77.40		16.44951398	-159.85191115	16.41855718	-159.87233031
45	14	07	05	07	50	48	81		27	26	24	24	25	27	31	34	36	37	37	37	35	32	29	27	25	23	21	19	18	17	17	16	15	14	14	13	13	13	-21	-1	-1	-33	-26	-43	-4	2	-7	-32	-51	-29	-4	-20	-45	-40	-47	-39	-50	-61	-69	-65	-71	-116	-51	-37	-1	-61	-66		-6	1	9	-3	-22	-32	-2	-19	-43	3	4	18	36	34	46	46	53	89	65	99	91	47	39	46	30	-5	80	128	220		22	1	9	33	34	54	4	19	44	32	51	34	36	39	64	61	71	97	82	116	114	80	81	125	59	37	80	142	230		254.10	315.00	353.70	264.80	229.80	233.30	243.40	174.00	189.20	275.40	274.50	301.80	353.70	329.50	315.60	319.00	318.40	336.30	322.40	328.40	322.80	305.90	298.80	291.60	300.50	262.30	359.30	334.50	343.30		16.41846883	-159.87238680	16.39253053	-159.88956886
46	14	07	05	08	10	50	50		26	24	24	24	26	29	33	36	35	35	35	34	32	30	28	27	26	24	22	20	18	18	16	16	15	14	14	14	13	12	-94	-106	-106	-69	-79	-74	-74	-67	-102	-107	-82	-73	-95	-70	-89	-90	-70	-83	-72	-72	-98	-99	-117	-56	-18	-118	-25	70		-247	-78	-70	-52	-73	-94	-102	-85	-53	-60	-36	-19	9	45	43	25	59	68	95	78	73	64	34	48	99	65	39	-4	166		858	122	127	118	100	123	126	113	85	118	113	84	74	105	82	92	108	98	126	106	103	117	105	126	114	67	124	25	180		893	230.30	236.60	243.90	223.40	220.00	216.00	221.00	231.70	239.50	251.40	257.00	277.00	295.30	301.60	285.70	303.20	314.20	318.90	317.30	315.40	303.10	289.00	292.30	330.50	344.50	288.30	260.90	22.90		343.90	16.39248602	-159.88959284	16.36692449	-159.90593218
47	14	07	05	08	30	52	19		26	24	23	24	28	33	36	38	39	39	37	35	32	30	28	26	24	22	20	19	18	17	16	15	14	14	14	13	12	12	-117	-99	-98	-84	-116	-88	-75	-86	-94	-98	-90	-82	-67	-65	-81	-70	-71	-53	-76	-67	-72	-89	-84	-59	-50	-94	159	-56	378		-72	-70	-65	-81	-82	-85	-66	-36	-34	-24	-3	24	47	42	50	53	56	40	17	32	77	28	36	50	17	73	-25	328	-188		137	121	118	117	142	122	100	93	100	101	90	85	82	77	95	88	90	66	78	74	105	93	91	77	53	119	161	333	422		238.40	234.70	236.40	226.00	234.70	226.00	228.70	247.30	250.10	256.20	268.10	286.30	305.00	302.90	301.70	307.10	308.30	307.00	282.60	295.50	316.90	287.50	293.20	310.30	288.80	307.80	98.90	350.30	116.40		16.36688383	-159.90595054	16.34152346	-159.92122849
48	14	07	05	08	50	46	97		30	28	25	24	27	33	38	40	40	41	40	39	38	36	33	30	28	25	23	21	19	18	16	16	15	14	13	13	13	12	-81	-91	-68	-73	-93	-58	-51	-61	-70	-66	-72	-52	-57	-56	-79	-49	-56	-59	-46	-61	-44	-46	-62	-52	-89	-136	37	65	-112		-68	-57	-57	-58	-84	-93	-86	-61	-30	-43	-2	8	22	17	26	20	10	28	47	46	21	29	-12	41	38	100	141	-135	208		106	107	89	93	125	110	100	86	76	79	72	53	61	59	83	53	57	65	66	76	49	54	63	66	97	169	146	150	236		230.00	237.90	230.00	231.50	227.90	211.90	210.70	225.00	246.80	236.90	268.40	278.70	291.10	286.90	288.20	292.20	280.10	295.40	315.60	307.00	295.50	302.20	259.00	308.30	293.10	306.30	14.70	154.30	331.70		16.34149513	-159.92126570	16.31485904	-159.93883819
49	14	07	05	09	10	48	67		27	24	23	22	21	22	27	31	34	36	37	37	36	34	31	28	26	23	21	19	18	17	16	16	15	14	13	13	12	12	-37	-26	-52	-50	-59	-31	-50	-38	-47	-62	-56	-38	-72	-52	-41	-30	-22	-24	-32	-35	-45	-33	-49	-15	-45	-3	-198	-18			-64	-58	-35	-27	-45	-66	-68	-67	-45	-37	-23	-24	-12	-13	-7	3	13	11	35	22	21	25	9	57	173	-16	-210	275			74	64	63	57	74	73	84	77	65	72	61	45	73	54	42	30	26	26	47	41	50	41	50	59	179	16	289	276			210.00	204.10	236.10	241.60	232.70	205.20	216.30	209.60	226.20	239.20	247.70	237.70	260.50	256.00	260.30	275.70	300.60	294.60	317.60	302.20	295.00	307.10	280.40	345.30	345.40	190.60	223.30	356.30			16.31481386	-159.93884733	16.30097550	-159.95931502
50	14	07	05	09	30	50	36		23	21	20	19	20	22	24	27	30	32	32	30	30	28	26	25	23	21	19	18	16	16	16	14	14	13	13	12	12	12	-45	-42	-23	-61	38	19	18	22	3	-4	-11	13	-21	-28	41	21	26	37	46	43	12	34	51	15	-12	-25	348	356			-64	-79	-50	-24	-33	-33	-82	-40	-50	-37	-37	-33	-22	-32	-34	-3	-12	16	63	44	38	9	30	-7	-71	-213	154	-190			78	89	55	66	50	38	84	46	50	37	39	35	30	43	53	21	29	40	78	62	40	35	59	17	72	214	381	404			215.10	208.00	204.70	248.50	131.00	150.10	167.60	151.20	176.60	186.20	196.60	158.50	223.70	221.20	129.70	98.10	114.80	66.60	36.10	44.30	17.50	75.20	59.50	115.00	189.60	186.70	66.10	118.10			16.30097969	-159.95936204	16.29035530	-159.96304236
51	14	07	05	09	50	52	05		24	21	19	20	21	23	26	29	32	34	32	31	28	27	26	24	22	20	19	17	17	16	15	14	14	14	12	12	12	12	-15	-34	1	-22	47	61	-5	15	9	17	23	-10	29	30	23	52	47	42	25	36	19	54	-12	-34	34	15	-119		-239		-71	-30	17	-19	-8	23	7	-14	3	8	37	38	43	42	47	70	85	98	92	59	66	74	33	110	89	-94	-36		-516		73	45	17	29	48	65	9	21	9	19	44	39	52	52	52	87	97	107	95	69	69	92	35	115	95	95	124		569		191.90	228.60	3.40	229.20	99.70	69.30	324.50	133.00	71.60	64.80	31.90	345.30	34.00	35.50	26.10	36.60	28.90	23.20	15.20	31.40	16.10	36.10	340.00	342.80	20.90	170.90	253.20		204.90		16.29033719	-159.96303381	16.28044470	-159.96400846
52	14	07	05	10	10	46	84		24	22	22	22	24	26	29	32	34	34	32	31	30	28	26	24	22	20	19	17	16	16	15	14	14	13	13	13	12	12	14	-6	11	30	45	11	13	33	1	25	32	25	31	35	41	26	48	36	35	44	-22	13	3	38	32	105	-112	210	333		-128	-78	-93	-83	-77	-117	-74	-50	-54	-35	-40	-12	4	-15	-25	20	22	25	21	-7	1	17	-11	-48	114	-45	149	-170	152		129	78	94	88	89	118	75	60	54	43	51	28	31	38	48	33	53	44	41	45	22	21	11	61	118	114	186	270	366		173.80	184.40	173.30	160.10	149.70	174.60	170.00	146.60	178.90	144.50	141.30	115.60	82.60	113.20	121.40	52.40	65.40	55.20	59.00	99.00	272.60	37.40	164.70	141.60	15.70	113.20	323.10	129.00	65.50		16.28042752	-159.96401064	16.25978080	-159.98091266
53	14	07	05	10	30	48	53		24	23	22	22	22	24	27	30	32	33	33	33	31	29	27	25	23	21	19	18	17	16	15	14	14	13	13	12	12	12	-42	-42	-35	-21	-10	-7	-28	-17	-20	-1	-12	-5	1	9	-5	-3	22	7	2	-2	24	-52	-26	-76	-65	6	10		-184		-77	-88	-78	-85	-64	-89	-89	-54	-33	-9	9	7	-2	21	25	0	40	37	38	31	22	77	44	53	87	-28	74		-235		88	98	85	88	65	89	93	57	39	9	15	9	2	23	25	3	46	38	38	31	33	93	51	93	109	29	75		298		208.60	205.50	204.20	193.90	188.90	184.50	197.50	197.50	211.20	186.30	306.90	324.50	153.40	23.20	348.70	270.00	28.80	10.70	3.00	356.30	47.50	326.00	329.40	304.90	323.20	167.90	7.70		218.10		16.25973830	-159.98094552	16.23166471	-160.00159820
54	14	07	05	10	50	50	23		24	24	24	24	24	25	26	29	30	32	33	32	30	28	26	24	22	21	19	18	16	16	15	14	14	13	13	12	12	12	-69	-74	-52	-30	-28	-13	-26	17	-5	8	21	34	29	13	23	28	6	7	21	-9	31	-22	15	1	56	-49	-30	-102	-52		-76	-81	-44	-50	-59	-69	-66	-58	-60	-42	-42	-28	-12	-33	5	-30	-6	-4	-43	64	30	27	-63	34	59	107	314	53	-56		103	110	68	58	65	70	71	60	60	43	47	44	31	35	24	41	8	8	48	65	43	35	65	34	81	118	315	115	76		222.20	222.40	229.80	211.00	205.40	190.70	201.50	163.70	184.80	169.20	153.40	129.50	112.50	158.50	77.70	137.00	135.00	119.70	154.00	352.00	45.90	320.80	166.60	1.70	43.50	335.40	354.50	297.50	222.90		16.23161534	-160.00162217	16.20431104	-160.01973982
55	14	07	05	11	10	51	94		26	25	24	25	25	25	26	26	27	29	31	30	30	27	25	23	21	20	18	17	16	15	15	14	14	13	13	13	13	12	-27	-44	-8	17	6	9	8	1	23	14	4	21	30	17	1	44	-19	-9	14	-44	13	-29	-23	55	1	-120	-71	-31	8	256	-88	-59	-49	-34	-40	-51	-59	-55	-49	-75	-45	-55	-31	-36	-45	-43	-13	3	-17	-14	-52	-4	-33	42	-89	-180	-200	47	-38	-236	92	74	50	38	40	52	60	55	54	76	45	59	43	40	45	62	23	9	22	46	54	29	40	69	89	216	212	56	39	348	197.10	216.70	189.30	153.40	171.50	170.00	172.30	179.00	154.90	169.40	174.90	159.10	135.90	154.70	178.70	134.30	235.60	288.40	140.50	252.30	166.00	262.10	214.90	52.60	179.40	213.70	199.50	326.60	168.10	132.70	16.20425731	-160.01976220	16.17857415	-160.03799049
56	14	07	05	11	30	46	77		27	25	24	23	22	23	23	23	25	29	31	31	29	26	24	22	20	18	18	18	17	16	16	15	14	14	13	13	13	12	-87	-76	-66	-47	-22	-48	-10	-5	-37	-72	-37	-26	-13	-22	-38	-20	-26	-27	-27	-18	-47	-47	-40	3	-68	-52	35	-42	-390		-152	-137	-121	-98	-116	-103	-95	-117	-144	-116	-104	-99	-107	-87	-89	-70	-54	-48	-66	-58	-39	-38	-48	-59	-38	-36	113	-145	-128		175	157	138	109	118	114	96	117	149	137	110	102	108	90	97	73	60	55	71	61	61	60	62	59	78	63	118	151	410		209.80	209.00	208.60	205.60	190.70	205.00	186.00	182.40	194.40	211.80	199.60	194.70	186.90	194.20	203.10	195.90	205.70	209.40	202.20	197.20	230.30	231.00	219.80	177.10	240.80	235.30	17.20	196.20	251.80		16.17853048	-160.03801798	16.15328704	-160.05338402
57	14	07	05	11	50	48	48		27	25	23	23	23	23	25	27	30	32	32	31	29	26	24	22	20	20	19	18	18	16	16	15	14	13	13	12	12	12	-49	-52	-41	-13	-6	-12	-23	-47	-28	-38	-46	-21	-15	-25	-13	4	4	-5	7	-17	8	-32	9	-44	-52	-23	-6	-32	-403	58	-112	-87	-106	-86	-86	-75	-106	-103	-105	-96	-98	-85	-80	-67	-55	-61	-54	-26	-43	-40	-23	-32	-26	-59	-104	-110	-45	253	198	83	122	101	114	87	86	76	108	113	109	103	108	88	81	72	57	61	54	26	44	43	24	45	28	74	116	112	45	255	449	101	203.60	210.90	201.10	188.60	184.00	189.10	192.20	204.50	194.90	201.60	205.10	193.90	190.60	200.50	193.30	176.20	175.80	190.90	170.80	203.00	160.80	225.00	160.90	216.70	206.60	191.80	187.60	352.80	296.20	34.90	16.15324714	-160.05340900	16.12873301	-160.06721618
58	14	07	05	12	10	50	17		26	25	24	24	24	26	30	34	36	36	35	33	30	27	25	23	21	21	20	18	17	16	16	15	14	13	13	13	12	12	-87	-70	-40	-41	-34	-42	-54	-53	-59	-32	-35	-42	-14	-10	-16	-9	-2	11	5	19	-12	15	-4	28	-20	-6	84	-152			-162	-123	-114	-101	-100	-101	-141	-124	-118	-108	-99	-113	-72	-78	-85	-50	-40	-39	-58	-67	-68	-41	-33	-125	-36	-49	-114	-115			184	142	121	109	106	109	151	135	132	113	105	121	73	79	86	51	40	41	58	70	69	44	33	128	41	49	142	191			208.20	209.60	199.30	202.10	198.80	202.60	201.00	203.10	206.60	196.50	199.50	200.40	191.00	187.30	190.70	190.20	182.90	164.20	175.10	164.20	190.00	159.90	186.90	167.40	209.10	187.00	143.60	232.90			16.12869521	-160.06723554	16.10500803	-160.08277718
59	14	07	05	12	30	51	86		26	25	26	26	29	34	39	41	39	36	34	33	32	29	27	25	23	21	20	18	18	16	16	14	14	13	13	12	12	12	-134	-115	-105	-96	-122	-131	-120	-97	-87	-112	-69	-57	-63	-75	-27	-58	-43	-27	-41	-11	-24	-27	-74	-55	65	-22	-81	-763			-140	-104	-104	-93	-127	-149	-127	-123	-125	-116	-93	-83	-54	-75	-108	-90	-96	-71	-70	-72	-45	-48	-75	-43	-97	-78	166	-584			194	155	148	134	176	198	175	157	152	161	116	101	83	106	111	107	105	76	81	73	51	55	105	70	117	81	185	961			223.70	227.90	225.30	225.90	223.80	221.30	223.40	218.30	214.80	224.00	216.60	214.50	229.40	225.00	194.00	212.80	204.10	200.80	210.40	188.70	208.10	209.40	224.60	232.00	146.20	195.80	334.00	232.60			16.10496453	-160.08281565	16.08181153	-160.09732121
60	14	07	05	12	50	46	66		25	25	26	26	28	32	38	40	40	38	36	35	34	30	27	24	23	21	20	19	17	16	16	15	14	14	13	12	12	12	-150	-96	-98	-77	-101	-113	-117	-115	-108	-95	-85	-92	-77	-66	-64	-67	-54	-58	-25	-20	-42	-29	-14	-85	-64	-148	-29	269			-102	-65	-49	-67	-68	-94	-107	-96	-72	-60	-74	-55	-67	-53	-49	-55	-65	-81	-40	-54	5	-62	-26	-3	-45	-71	113	119			181	116	110	102	122	147	159	150	130	112	113	107	102	85	81	87	85	100	47	58	42	68	30	85	78	164	117	294			235.80	235.90	243.40	229.00	236.00	230.20	227.60	230.10	236.30	237.70	229.00	239.10	229.00	231.20	232.60	230.60	219.70	215.60	212.00	200.30	276.80	205.10	208.30	268.00	234.90	244.40	345.60	66.10			16.08176837	-160.09733747	16.05887764	-160.11144446
61	14	07	05	13	10	48	36		25	24	25	26	29	34	39	43	45	43	41	38	37	34	31	28	25	23	21	20	18	18	16	15	14	13	13	13	12	12	-179	-127	-124	-109	-121	-141	-129	-154	-115	-102	-118	-101	-98	-86	-76	-79	-77	-55	-39	-34	-17	-48	-42	-18	-11	-151	-11	137			-66	-52	-66	-76	-89	-95	-113	-95	-83	-60	-57	-32	-48	-34	-19	-45	-30	-29	-30	-49	-30	-30	-42	-16	-52	-77	81	39			191	137	140	133	150	170	171	181	142	118	131	106	109	92	78	91	83	62	49	60	34	57	59	24	53	169	82	142			249.80	247.70	242.00	235.10	233.70	236.00	228.80	238.30	234.20	239.50	244.20	252.40	243.90	248.40	256.00	240.30	248.70	242.20	232.40	214.80	209.50	238.00	225.00	228.40	191.90	243.00	352.30	74.10			16.05883464	-160.11146382	16.03638254	-160.12468980
62	14	07	05	13	30	50	05		28	26	24	25	26	30	34	38	40	40	38	36	33	30	28	26	24	22	21	20	19	18	17	16	14	14	13	12	12	12	-192	-178	-169	-152	-159	-166	-137	-158	-149	-129	-135	-119	-126	-97	-88	-109	-112	-94	-92	-90	-87	-64	-77	-23	-64	11	-247	-181			-123	-101	-84	-75	-84	-118	-145	-143	-126	-112	-105	-84	-96	-73	-64	-59	-53	-85	-71	-103	-78	-110	-69	-82	-120	-1	-123	-51			228	205	189	169	180	204	199	213	195	171	171	146	158	121	109	124	124	127	116	137	117	127	103	85	136	11	276	188			237.40	240.40	243.60	243.70	242.20	234.60	223.40	227.90	229.80	229.00	232.10	234.80	232.70	233.00	234.00	241.60	244.70	227.90	232.30	221.10	228.10	210.20	228.10	195.70	208.10	95.20	243.50	254.30			16.03633652	-160.12471301	16.01097599	-160.14015416
63	14	07	05	13	50	51	75		28	26	26	28	29	32	34	36	38	37	36	34	32	30	27	25	23	22	20	19	18	17	16	15	14	13	13	12	12	12	-152	-129	-95	-86	-103	-108	-90	-82	-90	-57	-39	-33	-39	-43	-38	-36	-33	-9	-48	-48	-23	-16	23	-66	20	95	203				35	57	36	4	-2	-32	-36	-32	-31	-11	-4	1	22	8	18	23	13	8	-1	6	-6	-20	27	-37	-3	-52	115				156	141	102	86	103	113	97	88	95	58	39	33	45	44	42	43	35	12	48	48	24	26	35	76	20	108	233				283.00	293.80	290.80	272.70	268.90	253.50	248.20	248.70	251.00	259.10	264.10	271.70	299.40	280.50	295.30	302.60	291.50	311.60	268.80	277.10	255.40	218.70	40.40	240.70	98.50	118.70	60.50				16.01093316	-160.14015332	15.98413571	-160.15393233
64	14	07	05	14	10	46	53		29	28	27	26	26	27	30	34	37	38	36	34	32	29	26	24	22	21	20	18	18	17	16	15	14	14	13	13	12	12	-161	-149	-124	-133	-111	-117	-113	-88	-114	-90	-56	-77	-71	-49	-46	-37	-48	-57	-36	-49	-13	-41	-6	-33	-13	104	-750	-27			45	46	44	27	-8	-32	-54	-57	-53	-44	-22	-29	-15	-10	-29	-16	-15	-18	-8	-13	-23	-49	-30	-18	7	50	204	-230			167	156	132	136	111	121	125	105	126	100	60	82	73	50	54	40	50	60	37	51	26	64	31	38	15	115	777	232			285.60	287.20	289.50	281.50	265.90	254.70	244.50	237.10	245.10	243.90	248.60	249.40	258.10	258.50	237.80	246.60	252.60	252.50	257.50	255.10	209.50	219.90	191.30	241.40	298.30	64.30	285.20	186.70			15.98406714	-160.15401229	15.95611350	-160.16695370
65	14	07	05	14	30	48	22		29	28	26	24	22	22	26	30	34	36	36	34	32	30	28	25	23	22	20	19	18	17	16	14	14	14	13	12	12	12	-62	-49	-32	-42	-42	-22	-32	-63	-44	-42	-28	-34	-26	6	-9	15	16	2	21	-28	44	16	28	32	20	-72	27				55	55	61	59	23	-6	-23	-16	-4	-15	-10	-18	-10	-25	-14	-16	-8	-3	-2	-40	-25	-24	-56	-6	-112	176	-49				83	74	69	72	48	23	39	65	44	45	30	38	28	26	17	22	18	4	21	49	51	29	63	33	114	190	56				311.60	318.30	332.30	324.60	298.70	254.70	234.30	255.70	264.80	250.30	250.30	242.10	249.00	166.50	212.70	136.80	116.60	146.30	95.40	215.00	119.60	146.30	153.40	100.60	169.90	337.80	151.10				15.95608399	-160.16699066	15.92891087	-160.18337351
66	14	07	05	14	50	49	91		31	29	27	26	26	29	33	37	39	39	37	36	34	33	31	28	26	24	22	20	18	17	16	15	14	13	13	12	12	12	-50	-49	-43	-13	-37	-26	-13	-2	5	5	21	-6	7	27	50	26	18	8	13	29	16	15	39	65	63	-25	67		117		12	40	30	-11	14	10	18	15	3	-6	-24	1	-20	1	-16	-5	9	-14	-7	-9	9	-29	-11	-17	97	64	-66		687		51	63	52	17	40	28	22	15	6	8	32	6	21	27	52	26	20	16	15	30	18	33	41	67	116	69	94		697		283.50	309.20	304.90	229.80	290.70	291.00	324.20	352.40	59.00	140.20	138.80	279.50	160.70	87.90	107.70	100.90	63.40	150.30	118.30	107.20	60.60	152.70	105.80	104.70	33.00	338.70	134.60		9.70		15.92887902	-160.18341551	15.90276302	-160.20080946
67	14	07	05	15	10	51	61		32	31	30	28	30	34	39	42	43	42	41	39	36	34	32	30	28	26	24	22	20	18	17	16	14	13	13	12	12	12	18	13	11	16	4	3	6	35	61	62	52	61	44	51	44	64	70	60	62	60	50	43	60	57	6	66	24				-1	-10	-3	6	-34	-17	-13	14	8	9	13	-11	9	3	7	17	17	13	32	19	25	27	62	48	141	136	91				18	16	11	17	34	17	14	38	62	63	54	62	45	51	45	66	72	61	70	63	56	51	86	75	141	151	94				93.20	127.60	105.30	69.40	173.30	170.00	155.20	68.20	82.50	81.70	76.00	100.20	78.40	86.60	81.00	75.10	76.30	77.80	62.70	72.40	63.40	57.90	44.10	49.90	2.40	25.90	14.80				15.90271382	-160.20082019	15.87288564	-160.21632881
68	14	07	05	15	30	46	39		36	34	33	33	36	41	44	44	43	42	39	36	33	30	28	26	23	21	20	18	17	16	15	14	13	13	12	12	12	12	-29	-16	-9	-49	-40	-23	-15	5	-16	-8	-3	-6	-16	10	-5	9	23	44	17	-5	-9	-7	41	-51	-53	11					-53	-76	-87	-94	-79	-86	-69	-59	-45	-30	-45	-34	-33	-47	-47	-53	-32	4	-33	1	-12	15	18	10	-27	12					60	78	87	106	89	89	71	59	48	31	45	35	37	48	47	54	39	44	37	5	15	17	45	52	59	16					208.70	191.90	185.90	207.50	206.90	195.00	192.30	175.20	199.60	194.90	183.80	190.00	205.90	168.00	186.10	170.40	144.30	84.80	152.70	281.30	216.90	335.00	66.30	281.10	243.00	42.50					15.87282546	-160.21635219	15.84099300	-160.23286429
69	14	07	05	15	50	48	22		33	32	31	31	34	37	39	40	40	38	35	32	29	27	26	25	24	22	21	19	18	16	16	15	14	14	13	12	12	12	-18	-11	-3	-12	13	0	10	22	18	13	18	30	16	16	32	60	59	68	64	95	33	58	97	91	105	186	198	292			-62	-77	-96	-74	-70	-72	-60	-53	-59	-44	-50	-71	-75	-83	-68	-88	-64	-59	-33	-33	-1	-58	-28	69	-18	-97	198	-336			65	78	96	75	71	72	61	57	62	46	53	77	77	85	75	107	87	90	72	101	33	82	101	114	107	210	280	445			196.20	188.10	181.80	189.20	169.50	180.00	170.50	157.50	163.00	163.50	160.20	157.10	168.00	169.10	154.80	145.70	137.30	130.90	117.30	109.20	91.70	135.00	106.10	52.80	99.70	117.50	45.00	139.00			15.84093098	-160.23288801	15.81269184	-160.24812950
70	14	07	05	16	10	49	91		32	31	31	33	36	38	40	40	39	37	35	33	32	30	28	26	24	23	21	20	18	18	16	15	14	14	13	12	12	12	-80	-42	-59	-57	-46	-34	-29	-20	-8	-6	2	-10	30	42	63	57	63	64	60	48	38	59	11	31	63	234	27		567		-66	-55	-64	-72	-66	-68	-61	-68	-46	-74	-68	-58	-69	-49	-54	-42	-39	-41	-38	-45	-35	-26	-23	-28	-9	65	-94		675		104	69	87	92	80	76	68	71	47	74	68	59	75	65	83	71	74	76	71	66	52	64	25	42	64	243	98		882		230.50	217.40	222.70	218.40	214.90	206.60	205.40	196.40	189.90	184.60	178.30	189.80	156.50	139.40	130.60	126.40	121.80	122.60	122.30	133.20	132.60	113.80	154.40	132.10	98.10	74.50	164.00		40.00		15.81264549	-160.24815582	15.78377796	-160.26444269
71	14	07	05	16	30	51	63		33	31	30	30	34	39	42	42	42	40	36	34	31	30	28	26	25	24	22	22	20	19	18	16	15	14	13	12	12	12	-47	-34	-45	-57	-83	-70	-69	-56	-31	-16	-35	-11	-16	10	23	36	35	62	32	31	33	63	28	35	50	98	-61	63	159		-68	-51	-107	-69	-97	-81	-111	-102	-119	-107	-95	-79	-111	-74	-67	-89	-86	-100	-105	-126	-97	-120	-90	-116	-69	-167	-50	81	-255		83	61	116	89	128	107	131	116	123	108	101	80	112	75	71	96	93	118	110	130	102	136	94	121	85	194	79	103	301		214.70	213.70	202.80	219.60	220.60	220.80	211.90	208.80	194.60	188.50	200.20	187.90	188.20	172.30	161.10	158.00	157.90	148.20	163.10	166.20	161.20	152.30	162.70	163.20	144.10	149.60	230.70	37.90	148.10		15.78372164	-160.26446465	15.75833352	-160.28088480
72	14	07	05	16	50	46	41		34	32	32	32	34	38	40	40	39	38	37	36	34	33	32	30	29	27	25	24	22	20	18	17	16	14	14	13	12	12	-87	-65	-86	-91	-89	-85	-55	-55	-40	-42	-45	-39	-18	4	14	19	36	13	12	35	23	9	35	10	30	39	112	-78	5	76	-51	-46	-40	-66	-81	-86	-90	-94	-90	-89	-89	-78	-65	-78	-72	-78	-78	-84	-75	-94	-92	-82	-101	-49	-76	-128	-37	-5	-37	-578	101	80	95	112	120	121	105	109	98	98	100	87	67	78	73	80	86	85	76	100	95	82	107	50	82	134	118	78	37	583	239.60	234.70	245.10	234.00	227.70	224.70	211.40	210.30	204.00	205.30	206.80	206.60	195.50	177.10	169.00	166.30	155.20	171.20	170.90	159.60	166.00	173.70	160.90	168.50	158.50	163.10	108.30	266.30	172.30	172.50	15.75825213	-160.28093065	15.73339133	-160.29815831
73	14	07	05	17	10	48	13		33	32	31	30	31	34	38	41	41	40	40	39	39	38	36	34	32	30	28	25	23	21	19	17	16	15	14	13	13	12	-58	-71	-43	-17	-46	-28	-17	2	-2	-13	-13	4	9	31	38	49	26	16	12	44	18	39	25	40	56	31	66	94	-2	-308	-46	-45	-31	-67	-60	-70	-97	-108	-95	-90	-89	-80	-80	-60	-50	-67	-63	-77	-75	-76	-117	-100	-87	-107	-91	-106	-124	-115	-242	-90	74	84	53	69	76	75	98	108	95	91	90	80	81	68	63	83	68	79	76	88	118	107	91	114	107	110	140	149	242	321	231.60	237.60	234.20	194.20	217.50	201.80	189.90	178.90	181.20	188.20	188.30	177.10	173.60	152.70	142.80	143.80	157.60	168.30	170.90	149.90	171.30	158.70	164.00	159.50	148.40	163.70	152.00	140.70	180.50	253.70	15.73335051	-160.29816368	15.70925832	-160.31257996
74	14	07	05	17	30	49	81		33	32	31	30	30	32	35	38	40	41	41	40	40	38	36	33	31	29	26	24	22	20	19	17	16	15	14	14	13	13	-102	-84	-68	-39	-59	-37	-57	-47	-41	-32	-14	-24	-28	5	16	27	-3	-10	3	17	12	-9	21	17	46	5	-58	51	-96	370	-11	-9	-18	-14	-9	-35	-63	-62	-53	-54	-50	-46	-20	-30	-30	-54	-30	-54	-53	-30	-44	-66	-83	-115	-60	-127	-18	-115	-135	-5	103	84	70	41	60	51	85	78	67	63	52	52	34	30	34	60	30	55	53	34	46	67	86	116	76	127	61	126	166	370	263.80	263.90	255.20	250.30	261.30	226.60	222.10	217.20	217.70	210.70	195.60	207.60	234.50	170.50	151.90	153.40	185.70	190.50	176.80	150.50	164.70	187.80	165.80	171.60	142.50	177.70	252.80	156.10	215.40	90.80	15.70920954	-160.31259019	15.67397520	-160.33269821
75	14	07	05	17	50	51	52		28	27	26	26	27	29	33	36	39	40	41	41	39	38	36	33	31	28	26	24	23	21	19	17	16	15	14	14	12	12	-47	-81	-48	-46	-47	-23	-10	-28	-22	-30	-20	-24	-18	-7	-6	-21	-14	-21	-32	1	19	24	-10	41	43	-34	109	4	-17	-103	-36	-41	-45	-21	-31	-37	-69	-67	-48	-77	-62	-73	-79	-73	-60	-72	-78	-74	-68	-93	-108	-76	-67	-105	-89	-151	-70	-120	-198	-344	59	91	66	51	56	44	70	73	53	83	65	77	81	73	60	75	79	77	75	93	110	80	68	113	99	155	130	120	199	359	232.50	243.20	226.80	245.50	236.60	211.90	188.20	202.70	204.60	201.30	197.90	198.20	192.80	185.50	185.70	196.30	190.20	195.80	205.20	179.40	170.00	162.50	188.50	158.70	154.20	192.70	122.70	178.10	184.90	196.70	15.67391116	-160.33273199	15.64191668	-160.35421279
76	14	07	05	18	10	46	45		27	24	23	22	24	27	31	34	37	39	40	39	38	37	35	34	31	29	28	26	24	22	20	19	17	16	15	14	14	13	-33	-23	-41	-32	14	-13	2	10	5	-2	-19	10	34	18	6	29	22	17	34	35	49	16	53	38	20	13	57	-8	190	108	0	8	9	16	6	15	-18	4	-20	-19	-25	-2	-5	4	1	1	9	-1	-1	-19	5	-13	18	12	-20	2	27	-135	-39	-392	33	24	42	36	15	20	18	11	21	19	31	10	34	18	6	29	24	17	34	40	49	21	56	40	28	13	63	135	194	407	270.00	289.20	282.40	296.60	66.80	319.10	173.70	68.20	166.00	186.00	217.20	101.30	98.40	77.50	80.50	88.00	67.80	93.40	91.70	118.50	84.20	129.10	71.20	72.50	135.00	81.30	64.70	183.40	101.60	164.60	15.64186882	-160.35425487	15.60773813	-160.37575269
77	14	07	05	18	30	48	16		26	25	23	22	22	24	28	33	37	40	40	40	40	38	37	35	33	30	28	26	24	22	21	19	18	16	16	15	14	13	-53	-18	-27	-5	-3	9	-5	3	4	6	12	37	42	29	22	44	-3	-3	3	14	50	47	32	49	48	88	15	64	22	150	-62	-54	-55	-49	-59	-90	-55	-61	-76	-82	-42	-33	-17	-29	-30	-19	-8	-33	-17	-25	-42	1	-51	-7	-43	-56	-77	-57	-67	-60	82	57	61	49	59	90	55	61	76	82	44	50	45	41	37	48	9	33	17	29	65	47	60	49	64	104	78	86	71	162	220.50	198.40	206.10	185.80	182.90	174.30	185.20	177.20	177.00	175.80	164.10	131.70	112.00	135.00	143.70	113.40	200.60	185.20	170.00	150.80	130.00	88.80	147.90	98.10	131.90	122.50	169.00	131.70	161.80	111.80	15.60769698	-160.37580986	15.57682249	-160.39577530
78	14	07	05	18	50	49	84		21	20	19	19	19	23	28	34	37	38	38	38	38	37	36	35	33	31	29	27	26	24	21	19	18	16	15	14	13	13	19	7	25	9	-1	-16	-4	0	32	55	35	46	31	27	12	11	37	14	8	23	14	50	61	43	77	66	89	48	62	-1	-43	-74	-64	-48	-89	-57	-74	-97	-58	-52	-19	-23	-26	-12	-16	-8	-15	-18	-31	-54	-3	-12	-6	-51	2	-31	-66	-8	-6	-156	47	74	69	49	89	59	74	97	66	76	40	51	40	30	20	14	40	23	32	59	14	51	61	67	77	73	111	49	62	156	156.20	174.60	158.70	169.40	180.60	195.70	183.10	180.00	151.10	133.40	118.50	116.60	130.00	114.00	143.10	126.00	112.10	142.10	165.50	156.90	102.10	103.50	95.60	139.90	88.50	115.20	126.60	99.50	95.50	180.40	15.57676482	-160.39579097	15.55014146	-160.41465017
79	14	07	05	19	10	51	53		22	20	18	19	22	27	34	40	42	42	41	38	36	34	32	31	29	27	26	25	24	22	20	20	18	16	15	14	14	13	-23	11	7	32	-7	-38	-16	11	23	9	39	20	38	16	-3	12	-9	14	2	17	47	24	47	63	41	35	73	-17	-40	-44	-91	-77	-115	-79	-108	-107	-132	-71	-46	-60	-55	-42	-51	-52	-54	-79	-58	-51	-57	-71	-72	-68	-57	-50	-68	-73	-76	-32	59	-79	94	78	115	85	108	114	133	72	51	61	67	47	64	54	54	80	59	53	57	73	86	72	74	80	79	81	105	36	71	90	194.20	171.90	176.50	157.90	183.70	199.60	186.90	171.20	153.40	171.50	144.70	154.50	143.30	162.90	183.20	171.40	188.80	164.60	178.00	166.50	146.90	160.60	140.50	128.40	148.90	154.40	136.20	208.00	325.90	209.10	15.55009981	-160.41468613	15.52527546	-160.43271066
80	14	07	05	19	30	46	31		21	20	18	19	22	27	32	36	38	39	38	36	34	33	32	30	29	27	26	24	22	20	18	17	16	15	14	13	13	12	-76	-29	-47	-31	-47	-52	-75	-56	-36	-35	-31	-31	-30	-60	-42	-46	-35	-11	-20	-33	-58	-20	-32	-3	-15	16	34	-40	-102	339	-94	-117	-62	-41	-97	-88	-65	-21	-32	-24	-29	-20	-19	-23	-32	-40	-49	-44	-52	-43	-24	-43	-31	-66	9	-42	-93	-49	-245	-83	121	121	78	51	108	102	99	60	48	42	42	37	36	64	53	61	60	45	56	54	63	47	45	66	17	45	99	63	265	349	219.00	193.90	217.20	217.10	205.90	210.60	229.10	249.40	228.40	235.60	226.90	237.20	237.70	249.00	232.70	229.00	215.50	194.00	201.00	217.50	247.50	204.90	225.90	182.60	301.00	159.10	159.90	219.20	202.60	103.80	15.52520270	-160.43276933	15.49982934	-160.45003764
81	14	07	05	19	50	48	00		23	22	20	20	22	28	34	37	38	38	36	34	32	31	30	29	28	26	25	23	22	20	19	17	16	15	14	13	12	12	2	15	11	18	-16	-57	-50	-42	-14	-35	-24	-17	-27	-60	-39	-56	-39	-57	-57	-45	-23	-42	-48	-9	0	-14	19	-73	283		-50	-60	-53	-93	-33	-29	-31	-15	-41	-42	-40	-30	-13	-28	-24	-25	-13	-38	-32	-34	-47	-35	-8	-11	-15	36	12	218	-19		50	62	54	95	37	64	59	45	43	55	47	34	30	66	46	61	41	69	65	56	52	55	49	14	15	39	22	230	284		177.70	166.00	168.30	169.00	205.90	243.00	238.20	250.30	198.90	219.80	211.00	209.50	244.30	245.00	238.40	245.90	251.60	236.30	240.70	232.90	206.10	230.20	260.50	219.30	180.00	338.70	57.70	341.50	93.80		15.49978232	-160.45005349	15.49815380	-160.45942336
82	14	07	05	20	10	49	69		22	21	20	20	24	30	34	38	38	36	36	34	32	30	28	27	26	24	23	22	21	20	18	17	16	15	14	13	12	12	26	54	27	48	21	-6	-2	12	31	11	26	1	22	9	-4	-3	-26	-26	-39	-33	-1	-39	-12	49	-18	27	-37	-42	-268	154	-33	-3	19	0	42	20	22	32	49	29	44	40	35	32	14	21	9	7	4	14	24	65	59	80	82	102	104	387	309	-412	42	54	33	48	47	21	22	34	58	31	51	40	41	33	15	21	28	27	39	36	24	76	60	94	84	106	110	389	409	440	141.80	93.20	54.90	90.00	26.60	343.30	354.80	20.60	32.30	20.80	30.60	1.40	32.20	15.70	344.10	351.90	289.10	285.10	275.90	293.00	357.60	329.00	348.50	31.50	347.60	14.80	340.40	353.80	319.10	159.50	15.49815087	-160.45943099	15.49442763	-160.46536848
83	14	07	05	20	30	51	38		23	22	20	20	22	27	34	38	40	38	37	34	32	30	30	28	26	25	24	22	22	20	18	18	17	15	14	13	13	13	22	45	37	24	14	-7	-16	0	28	28	26	23	19	8	-6	8	5	-50	-28	-36	-8	-17	17	40	47	-1	17	-12	-272		-87	-50	-41	0	-15	-17	-20	-31	-2	4	13	5	0	-1	9	18	-14	-4	-2	10	12	-4	19	-8	-8	45	59	69	210		90	67	55	24	21	18	26	31	28	28	29	24	19	8	11	20	15	50	28	37	14	17	25	41	48	45	61	70	344		165.80	138.00	137.90	90.00	137.00	202.40	218.70	180.00	94.10	81.90	63.40	77.70	90.00	97.10	326.30	24.00	160.30	265.40	265.90	285.50	326.30	256.80	41.80	101.30	99.70	358.70	16.10	350.10	307.70		15.49441648	-160.46539119	15.49099465	-160.47025320
84	14	07	05	20	50	46	19		22	23	22	20	21	25	30	34	37	36	35	32	30	28	27	26	24	23	23	21	20	20	19	17	16	15	14	14	13	12	42	54	62	77	36	49	4	35	49	52	61	48	32	32	18	29	7	8	-12	-32	4	-2	-13	-8	12	49	28	-75	56		-70	-83	-19	-37	-30	-25	-15	-33	-23	-10	-25	-24	-20	-23	-4	-1	29	-20	-6	17	4	35	19	31	16	12	-29	87	39		82	99	65	85	47	55	16	48	54	53	66	54	38	39	18	29	30	22	13	36	6	35	23	32	20	50	40	115	68		149.00	147.00	107.00	115.70	129.80	117.00	165.10	133.30	115.10	100.90	112.30	116.60	122.00	125.70	102.50	92.00	13.60	158.20	243.40	298.00	45.00	356.70	325.60	345.50	36.90	76.20	136.00	319.20	55.10		15.49097864	-160.47028597	15.48023103	-160.47560614
85	14	07	05	21	10	48	91		23	23	22	22	22	27	33	38	40	39	37	35	33	32	31	30	28	26	25	24	22	21	20	19	17	16	15	14	13	13	-19	-4	-12	8	-34	-51	-68	-46	-24	-12	-8	-13	-9	-21	-32	-7	-32	-35	-35	-53	-35	-28	-26	-15	-10	-5	-14	6	119	53	-90	-75	-36	-43	-52	-76	-64	-21	-35	-26	-16	-42	-41	-33	-26	-27	-18	-28	2	-31	4	-26	-11	0	-56	2	-2	-52	-117	-67	92	75	38	44	62	92	93	51	42	29	18	44	42	39	41	28	37	45	35	61	35	38	28	15	57	5	14	52	167	85	191.90	183.10	198.40	169.50	213.20	213.90	226.70	245.50	214.40	204.80	206.60	197.20	192.40	212.50	230.90	194.50	240.60	231.30	273.30	239.70	276.50	227.10	247.10	270.00	190.10	291.80	261.90	173.40	134.50	141.70	15.48018602	-160.47562298	15.45350131	-160.49473481
86	14	07	05	21	30	50	69		21	21	22	22	22	24	29	34	37	38	38	36	35	34	33	31	28	26	25	22	21	20	19	18	17	16	14	14	13	12	-68	-70	-46	-31	-68	-96	-93	-70	-56	-27	-37	-23	-32	-41	-45	-43	-34	-69	-58	-34	-33	-40	-21	29	-20	40	-11	79	-158	-34	-35	-53	7	28	21	13	-3	19	20	44	33	28	25	34	22	28	20	28	6	23	22	22	19	30	10	37	30	86	-150	-17	76	88	47	42	71	97	93	73	59	52	50	36	41	53	50	51	39	74	58	41	40	46	28	42	22	54	32	117	218	38	242.80	232.90	278.70	312.10	287.20	277.70	268.20	285.20	289.70	328.50	311.70	320.60	308.00	309.70	296.10	303.10	300.50	292.10	275.90	304.10	303.70	298.80	312.10	44.00	296.60	47.20	339.90	42.60	226.50	243.40	15.45346233	-160.49477337	15.42806248	-160.51129351
87	14	07	05	21	50	52	38		20	20	22	21	21	23	28	33	36	38	38	39	37	35	34	30	28	26	24	23	21	20	18	17	16	15	14	13	13	12	-38	-42	-31	-23	-17	-60	-73	-52	-34	-11	-28	-32	-16	-18	-40	-65	-67	-78	-61	-95	-69	-43	-12	-61	-20	-16	20	-104	104	309	-52	-26	-17	-4	13	-52	-22	-26	-18	-7	13	8	19	0	-4	9	-18	-13	-6	1	-16	-15	-2	25	-1	37	-21	-58	-171	-156	64	49	35	23	21	79	76	58	38	13	31	33	25	18	40	66	69	79	61	95	71	46	12	66	20	40	29	119	200	346	216.20	238.20	241.30	260.10	307.40	229.10	253.20	243.40	242.10	237.50	294.90	284.00	319.90	270.00	264.30	277.90	255.00	260.50	264.40	270.60	256.90	250.80	260.50	292.30	267.10	336.60	136.40	240.90	148.70	116.80	15.42801370	-160.51131883	15.40332003	-160.52628136
88	14	07	05	22	10	47	19		22	22	22	22	21	21	24	29	33	36	36	37	37	36	34	32	30	28	26	24	21	20	19	18	16	16	14	14	14	13	0	10	-7	22	19	3	-38	-45	12	11	32	21	15	8	-11	-6	-17	-10	-39	-18	-28	9	9	10	-20	12	34	-80	61	46	0	4	-6	36	-1	-13	-35	-61	-26	-20	-10	-11	-3	6	-13	-26	-20	-18	-47	-62	-60	-37	-14	-13	-35	6	-58	8	3	-176	0	11	9	42	19	13	52	76	29	23	34	24	15	10	17	27	26	21	61	65	66	38	17	16	40	13	67	80	61	182	0.00	68.20	229.40	31.40	93.00	167.00	227.40	216.40	155.20	151.20	107.40	117.60	101.30	53.10	220.20	193.00	220.40	209.10	219.70	196.20	205.00	166.30	147.30	142.40	209.70	63.40	149.60	275.70	87.20	165.40	15.40327703	-160.52630299	15.37643264	-160.54088230
89	14	07	05	22	30	48	88		24	25	26	26	25	23	24	27	30	34	36	37	37	36	34	32	30	28	26	24	22	21	19	18	16	15	15	14	13	12	49	72	82	101	78	71	29	32	31	74	93	101	83	71	52	57	27	37	19	17	-2	11	38	61	54	83	73	51	65	162	84	76	71	58	60	40	20	-5	12	17	41	40	56	55	51	49	28	2	13	11	24	-1	16	27	5	8	38	-5	-16	-45	97	105	108	116	98	81	35	32	33	76	102	109	100	90	73	75	39	37	23	20	24	11	41	67	54	83	82	51	67	168	30.30	43.50	49.10	60.10	52.40	60.60	55.40	98.90	68.80	77.10	66.20	68.40	56.00	52.20	45.60	49.30	44.00	86.90	55.60	57.10	355.20	95.20	67.20	66.10	84.70	84.50	62.50	95.60	103.80	105.50	15.37638285	-160.54089915	15.35002269	-160.55623770
90	14	07	05	22	50	50	56		24	24	23	25	25	26	27	30	34	36	37	37	37	36	34	32	29	26	25	23	21	20	19	17	16	16	14	14	13	13	42	79	77	62	64	59	17	35	25	46	84	55	40	60	44	44	8	-2	-6	7	29	7	11	18	31	22	-14	41	85	77	49	28	22	20	5	12	-11	-24	2	18	24	15	16	14	9	8	-2	-1	-12	-22	7	2	-12	-12	-27	16	29	28	-355	-124	65	84	80	65	64	60	20	42	25	49	87	57	43	62	45	45	8	2	13	23	30	7	16	22	41	27	32	50	365	146	40.60	70.50	74.10	72.10	85.50	78.50	122.90	124.40	85.40	68.60	74.10	74.70	68.20	76.90	78.40	79.70	104.00	243.40	206.60	162.30	76.40	74.10	137.50	123.70	131.10	54.00	334.20	55.70	166.50	148.20	15.34997885	-160.55627684	15.32729700	-160.57225116
91	14	07	05	23	10	52	28		23	21	21	22	22	21	22	25	30	34	37	38	38	36	34	32	30	28	27	26	24	22	20	19	17	16	15	14	13	12	73	45	77	82	47	58	16	9	38	36	31	47	13	28	19	8	16	15	3	2	6	5	32	-2	-8	27	47	48	-38	310	27	26	44	-10	6	-6	-34	-22	-30	-3	-17	10	17	13	11	6	-2	-4	-19	-13	1	-17	-10	-12	29	5	-14	-94	107	213	78	52	89	83	47	58	38	24	48	36	35	48	21	31	22	10	16	16	19	13	6	18	34	12	30	27	49	106	114	376	69.70	60.00	60.30	97.00	82.70	95.90	154.80	157.80	128.30	94.80	118.70	78.00	37.40	65.10	59.90	53.10	97.10	104.90	171.00	171.30	80.50	163.60	107.40	189.50	344.60	79.50	106.60	152.90	340.40	55.50	15.32725853	-160.57228996	15.29919416	-160.58885713
92	14	07	05	23	30	47	08		20	20	22	22	22	22	23	27	32	36	37	38	36	35	32	30	28	26	24	22	21	20	18	17	16	15	14	13	12	12	109	62	115	115	74	96	73	91	81	79	67	74	69	59	70	43	69	64	45	66	52	56	66	76	93	77	116	64	84	215	-34	0	-44	-31	-27	-4	-36	-46	-44	-33	-27	-4	10	4	-25	2	-16	-34	-23	-41	-20	-43	-8	-24	-32	-37	-73	-107	-79	558	114	62	123	119	79	96	81	102	92	86	72	74	70	59	74	43	71	72	51	78	56	71	66	80	98	85	137	125	115	598	107.30	90.00	110.90	105.10	110.00	92.40	116.30	116.80	118.50	112.70	111.90	93.10	81.80	86.10	109.70	87.30	103.10	118.00	117.10	121.80	111.00	127.50	96.90	107.50	109.00	115.70	122.20	149.10	133.20	21.10	15.29914646	-160.58890030	15.27179313	-160.60551784
93	14	07	05	23	50	48	77		20	21	23	24	23	21	22	28	33	38	40	40	39	37	34	32	29	27	25	23	22	21	20	18	16	16	14	14	13	12	75	90	78	103	115	83	50	57	92	95	95	82	93	63	71	48	54	58	53	34	76	67	78	87	66	48	46	27	-88	-421	-35	-40	-61	-27	-36	-67	-53	-61	-33	-17	-21	-36	4	-19	-13	-6	-12	-18	-35	-28	-28	-39	-23	-3	-53	-70	19	-14	24	-91	83	98	99	106	121	107	73	83	98	97	97	90	93	66	72	48	55	61	64	44	81	78	81	87	85	85	50	30	91	431	115.00	114.00	128.00	104.70	107.40	128.90	136.70	136.90	109.70	100.10	102.50	113.70	87.50	106.80	100.40	97.10	102.50	107.20	123.40	129.50	110.20	120.20	106.40	92.00	128.80	145.60	67.60	117.40	285.30	257.80	15.27174317	-160.60555003	15.24451179	-160.62388452
94	14	07	06	00	10	50	47		20	21	22	22	20	20	24	30	35	38	38	37	36	34	32	30	27	25	23	22	21	20	18	16	16	15	14	13	12	12	89	89	92	109	93	59	59	39	63	56	74	61	67	53	33	65	24	44	41	39	31	55	57	83	48	36	119	112	328	-52	-64	-65	-76	-68	-72	-67	-91	-58	-60	-66	-32	-18	-27	-20	-27	-35	-37	-30	-9	7	-16	0	8	0	-17	-62	-127	98	126	-69	110	110	119	128	118	89	108	70	87	87	81	64	72	57	43	74	44	53	42	40	35	55	58	83	51	72	174	149	351	86	125.70	126.10	129.60	122.00	127.70	138.60	147.00	146.10	133.60	139.70	113.40	106.40	111.90	110.70	129.30	118.30	147.00	124.30	102.40	79.80	117.30	90.00	82.00	90.00	109.50	149.90	136.90	48.80	69.00	217.00	15.24447902	-160.62392215	15.21944781	-160.64362935
95	14	07	06	00	30	52	16		20	21	22	22	22	24	29	35	39	40	39	36	34	34	32	30	28	26	25	24	22	20	19	18	16	14	14	13	13	12	129	132	134	124	113	105	82	79	93	77	85	91	80	62	79	71	72	73	97	99	107	104	97	122	149	81	3	118	534		-86	-49	-57	-74	-46	-86	-109	-74	-64	-28	-16	-38	-51	-32	-40	-47	-23	-37	-21	-29	-19	-41	-31	-10	-86	-17	-98	-54	207		155	141	146	144	122	136	136	108	113	82	86	99	95	70	89	85	76	82	99	103	109	112	102	122	172	83	98	130	573		123.70	110.40	113.00	120.80	112.20	129.30	143.00	133.10	124.50	110.00	100.70	112.70	122.50	117.30	116.90	123.50	107.70	116.90	102.20	106.30	100.10	111.50	107.70	94.70	120.00	101.90	178.20	114.60	68.80		15.21939416	-160.64365533	15.19550448	-160.66100202
96	14	07	06	00	50	47	02		25	26	26	24	25	30	37	41	42	40	37	36	34	33	31	29	28	26	24	22	20	18	16	16	14	13	13	13	12	12	66	82	73	79	77	52	39	66	53	36	35	36	59	69	42	54	83	63	80	129	111	113	62	107	83	131	94	69	2	-40	-8	-13	-9	14	-31	-39	-40	-16	-4	-3	3	24	5	-14	-11	-11	5	10	36	25	26	38	20	-3	40	3	57	232	213	49	66	83	74	80	83	65	56	68	53	36	35	43	59	70	43	55	83	64	88	131	114	119	65	107	92	131	110	242	213	63	96.90	99.00	97.00	80.00	111.90	126.90	135.70	103.60	94.30	94.80	85.10	56.30	85.20	101.50	104.70	101.50	86.60	81.00	65.80	79.00	76.80	71.40	72.10	91.60	64.30	88.70	58.80	16.60	0.50	320.80	15.19545880	-160.66101601	15.17195301	-160.67850620
97	14	07	06	01	10	48	70		29	29	27	24	26	30	36	41	43	42	40	38	36	35	32	30	28	26	25	23	21	19	18	16	15	14	13	12	12	12	37	54	66	67	45	40	27	29	15	29	8	14	6	19	33	28	30	33	44	27	38	43	39	62	112	21	45	-52	-129	197	-39	-28	-23	-42	-68	-82	-73	-73	-45	-52	-42	-62	-38	-42	-24	-7	-14	-3	-31	-29	-32	-20	-15	-41	10	-37	-138	-24	362	-420	54	61	70	79	82	91	78	79	47	60	43	64	38	46	41	29	33	33	54	40	50	47	42	74	112	43	145	57	384	464	136.50	117.40	109.20	122.10	146.50	154.00	159.70	158.30	161.60	150.90	169.20	167.30	171.00	155.70	126.00	104.00	115.00	95.20	125.20	137.00	130.10	114.90	111.00	123.50	84.90	150.40	161.90	245.20	340.40	154.90	15.17191781	-160.67854668	15.14909665	-160.69720480
98	14	07	06	01	30	50	39		30	30	26	24	25	29	34	38	40	40	40	39	37	35	32	30	29	27	26	24	22	20	18	17	16	14	13	13	12	12	103	71	90	74	57	40	49	58	15	29	40	39	55	50	52	87	62	54	62	65	60	58	34	8	69	81	44	46	-303		-28	-4	-1	-15	-29	-57	-55	-33	-26	-32	-3	7	1	3	6	21	32	30	30	39	7	26	22	6	1	137	-56	-83	17		107	71	90	76	64	70	74	67	30	43	40	40	55	50	52	89	70	62	69	76	60	64	40	10	69	159	71	95	303		105.20	93.20	90.60	101.50	117.00	144.90	138.30	119.60	150.00	137.80	94.30	79.80	89.00	86.60	83.40	76.40	62.70	60.90	64.20	59.00	83.30	65.90	57.10	53.10	89.20	30.60	141.80	151.00	273.20		15.14907536	-160.69723950	15.12772867	-160.71772587
99	14	07	06	01	50	52	23		30	30	26	23	22	24	28	33	36	37	37	37	36	35	33	30	29	28	26	25	23	22	20	18	16	15	14	13	12	12	91	87	69	58	63	41	39	44	46	52	29	47	47	50	51	59	56	60	56	54	58	52	53	78	17	68	27	39	-46	81	7	22	35	13	-17	-45	-50	-35	-26	-34	-3	10	-16	18	-3	10	14	30	14	20	29	42	40	44	-3	-42	-85	-39	-110	-4	91	90	77	59	65	61	63	56	53	62	29	48	50	53	51	60	58	67	58	58	65	67	66	90	17	80	89	55	119	81	85.60	75.80	63.10	77.40	105.10	137.70	142.00	128.50	119.50	123.20	95.90	78.00	108.80	70.20	93.40	80.40	76.00	63.40	76.00	69.70	63.40	51.10	53.00	60.60	100.00	121.70	162.40	135.00	202.70	92.80	15.12768567	-160.71776418	15.10639337	-160.73753097
100	14	07	06	02	10	47	13		33	31	26	24	26	30	35	38	38	38	38	38	37	35	33	30	28	26	24	23	21	19	18	16	15	14	13	13	13	12	74	81	55	46	46	46	38	80	45	61	54	60	79	83	92	81	64	81	63	72	60	88	10	43	69	11	-1	50	70	-329	11	16	35	-25	-32	-48	-47	-31	-2	9	52	27	51	50	46	67	64	47	43	53	60	67	34	43	16	-15	88	207	-165	-203	75	83	65	52	56	66	60	86	45	62	75	66	94	97	103	105	91	94	76	89	85	111	35	61	71	19	88	213	179	387	81.50	78.80	57.50	118.50	124.80	136.20	141.00	111.20	92.50	81.60	46.10	65.80	57.20	58.90	63.40	50.40	45.00	59.90	55.70	53.60	45.00	52.70	16.40	45.00	76.90	143.70	359.30	13.60	157.00	238.30	15.10636085	-160.73756483	15.08185484	-160.75481630
101	14	07	06	02	30	49	42		29	26	24	25	28	34	39	41	41	40	39	39	39	37	34	31	28	26	23	21	20	18	17	15	14	13	13	13	13	12	62	50	53	33	35	42	68	79	81	76	62	73	107	99	87	66	82	58	42	82	75	97	80	98	76	103	-67	114	-65	29	5	11	-6	-9	-41	-69	-72	-64	-31	-13	17	-3	17	27	46	38	30	23	4	46	11	13	9	26	45	74	29	-6	-111	97	62	51	53	34	54	81	99	102	87	77	64	73	108	103	98	76	87	62	42	94	76	98	81	101	88	127	73	114	129	101	85.40	77.60	96.50	105.30	139.50	148.70	136.60	129.00	110.90	99.70	74.70	92.40	81.00	74.70	62.10	60.10	69.90	68.40	84.60	60.70	81.70	82.40	83.60	75.10	59.40	54.30	293.40	93.00	210.40	16.60	15.08181813	-160.75484765	15.05646614	-160.77160969
102	14	07	06	02	50	51	11		26	24	26	30	36	44	48	48	46	44	42	42	39	35	32	29	27	25	23	21	19	18	16	15	14	14	13	13	12	12	1	25	13	22	1	7	51	51	35	24	45	35	22	22	17	-4	-27	10	12	21	63	22	49	97	59	-16	44	-1	213		-46	-65	-121	-127	-136	-126	-92	-61	-50	-26	-4	2	11	-11	10	23	11	-8	8	6	-7	4	3	-1	26	4	73	-32	-187		46	70	122	129	136	126	105	80	61	35	45	35	25	25	20	23	29	13	14	22	63	22	49	97	64	16	85	32	283		178.80	159.00	173.90	170.20	179.60	176.80	151.00	140.10	145.00	137.30	95.10	86.70	63.40	116.60	59.50	350.10	292.20	128.70	56.30	74.10	96.30	79.70	86.50	90.60	66.20	284.00	31.10	181.80	131.30		15.05641904	-160.77162679	15.02887853	-160.78819002
103	14	07	06	03	10	45	89		27	28	31	38	44	48	48	46	45	44	42	41	38	35	32	30	28	24	22	20	18	18	16	15	14	14	13	13	13	13	-5	-1	1	0	-10	38	31	18	15	8	20	38	26	28	17	14	32	54	32	45	67	51	29	46	61	44	67	2	-49		-38	-67	-87	-97	-107	-78	-53	-23	3	14	9	12	1	17	16	26	14	18	22	19	12	24	55	-51	45	76	-69	313	-119		38	67	87	97	107	87	61	29	15	16	22	40	26	33	23	30	35	57	39	49	68	56	62	69	76	88	96	313	129		187.50	180.90	179.30	180.00	185.30	154.00	149.70	142.00	78.70	29.70	65.80	72.50	87.80	58.70	46.70	28.30	66.40	71.60	55.50	67.10	79.80	64.80	27.80	138.00	53.60	30.10	135.80	0.40	202.40		15.02878499	-160.78824920	15.00086747	-160.80595253
104	14	07	06	03	30	47	58		28	30	33	36	41	47	49	48	44	42	40	39	37	35	34	32	29	26	24	21	18	18	16	15	14	14	13	13	12	12	-13	37	30	23	27	55	73	56	49	36	38	57	47	44	42	49	50	41	67	77	51	88	34	-17	55	-10	57	-92			-57	-81	-101	-116	-139	-134	-116	-93	-78	-57	-40	-27	-36	-54	-36	-50	-53	-45	-47	-19	-65	-72	-71	-77	-43	-15	-149	223			58	89	105	118	142	145	137	109	92	67	55	63	59	70	55	70	73	61	82	79	83	114	79	79	70	18	160	241			192.80	155.40	163.50	168.80	169.00	157.70	147.80	148.90	147.90	147.70	136.50	115.30	127.50	140.80	130.60	135.60	136.70	137.70	125.00	103.90	141.90	129.30	154.40	192.40	128.00	213.70	159.10	337.60			15.00081014	-160.80598849	14.97404731	-160.82380481
105	14	07	06	03	50	50	38		30	32	37	42	48	50	49	48	46	44	42	40	37	34	32	30	27	26	23	21	19	18	16	16	15	14	13	13	12	12	-38	14	-1	-10	31	7	-2	7	44	13	25	20	38	13	22	38	11	-4	19	34	18	32	31	-13	28	-5	21	111	-413	23	-102	-90	-127	-145	-171	-131	-135	-84	-75	-67	-45	-31	-38	-32	-46	-34	-32	-30	-40	-31	-37	-67	-66	-28	-9	-3	-97	14	-261	323	109	91	127	145	174	131	135	84	87	68	51	37	54	35	51	51	34	30	44	46	41	74	73	31	29	6	99	112	489	324	200.40	171.20	180.50	183.90	169.70	176.90	180.80	175.20	149.60	169.00	150.90	147.20	135.00	157.90	154.40	131.80	161.00	187.60	154.60	132.40	154.10	154.50	154.80	204.90	107.80	239.00	167.80	82.80	237.70	4.10	14.97400297	-160.82384597	14.94762386	-160.84157864
106	14	07	06	04	10	46	47		33	34	38	42	48	49	50	49	49	46	44	42	40	38	35	32	30	27	25	22	20	18	16	16	15	14	13	13	12	12	-24	4	28	8	21	31	32	52	62	64	54	60	49	47	36	25	24	19	32	52	52	12	40	79	112	-25	178	-59			-74	-105	-114	-151	-159	-156	-129	-107	-82	-65	-59	-54	-36	-55	-32	-44	-53	-50	-59	-32	-51	-46	-39	-103	20	-192	-128	-17			78	105	117	151	160	159	133	119	103	91	80	81	61	72	48	51	58	53	67	61	73	48	56	130	114	194	219	61			198.00	177.80	166.20	177.00	172.50	168.80	166.10	154.10	142.90	135.40	137.50	132.00	126.30	139.50	131.60	150.40	155.60	159.20	151.50	121.60	134.40	165.40	134.30	142.50	79.90	187.40	125.70	253.90			14.94757047	-160.84159900	14.92104996	-160.86052819
107	14	07	06	04	30	48	17		35	38	42	48	50	52	52	52	51	49	46	43	40	38	35	32	29	26	24	22	20	18	17	16	15	14	13	13	12	12	0	12	22	18	63	51	44	50	55	46	62	54	64	47	22	15	-2	16	21	23	16	55	63	35	92	105	64				-15	-72	-99	-118	-113	-83	-75	-70	-26	-42	-37	-32	-29	-33	-25	-45	-49	-45	-52	-37	-62	-67	-62	-42	17	78	-118				15	73	101	119	129	97	87	86	61	62	72	63	70	57	33	47	49	48	56	44	64	87	88	55	94	131	134				180.00	170.50	167.50	171.30	150.90	148.40	149.60	144.50	115.30	132.40	120.80	120.70	114.40	125.10	138.70	161.60	182.30	160.40	158.00	148.10	165.50	140.60	134.50	140.20	79.50	53.40	151.50				14.92100386	-160.86053632	14.89353980	-160.87996331
108	14	07	06	04	50	49	97		38	37	40	45	48	50	51	50	47	44	42	40	38	36	33	30	26	24	22	21	20	19	17	16	14	13	13	12	12	12	44	47	29	49	67	54	72	91	107	88	88	90	81	88	73	63	73	68	71	65	56	57	73	74	73	68	-172	-276			6	-1	-51	-66	-41	-33	-4	23	16	46	13	16	-5	-2	8	18	0	20	-3	8	-2	-17	-27	21	36	-18	258	-395			44	47	59	82	79	63	72	94	108	99	89	91	81	88	73	66	73	71	71	65	56	59	78	77	81	70	310	482			82.20	91.20	150.40	143.40	121.50	121.40	93.20	75.80	81.50	62.40	81.60	79.90	93.50	91.30	83.70	74.10	90.00	73.60	92.40	83.00	92.00	106.60	110.30	74.20	63.70	104.80	326.30	214.90			14.89348515	-160.87999198	14.86622016	-160.89954000
109	14	07	06	05	10	51	66		38	40	42	44	47	50	50	48	46	44	41	38	36	34	31	28	25	22	20	18	17	16	15	14	13	12	12	12	12	11	69	73	52	60	61	75	100	125	126	134	135	130	123	136	144	123	138	130	117	119	123	87	84	38	27	47					-5	-6	-48	-49	-39	-9	-2	16	14	30	38	28	-21	5	-25	-8	-1	-30	-40	-26	17	-49	-34	90	-177	-28					69	73	71	77	72	76	100	126	127	137	140	133	125	136	146	123	138	133	124	122	124	100	91	98	179	55					94.10	94.70	132.70	129.20	122.60	96.80	91.10	82.70	83.70	77.40	74.30	77.80	99.70	87.90	99.80	93.70	90.40	103.00	108.90	102.30	82.10	119.40	112.00	22.90	171.30	120.80					14.86616836	-160.89955970	14.83923135	-160.91785748
110	14	07	06	05	30	46	45		42	41	41	43	46	48	48	45	42	39	36	34	31	29	26	24	22	20	19	17	16	16	14	14	13	13	12	12	11	11	66	54	38	33	25	31	40	72	99	116	119	113	121	119	130	108	122	101	111	87	33	71	72	37	58	-104					44	18	-8	-40	-43	-28	-11	27	9	4	-20	-49	-51	-32	-53	-52	-55	-49	-83	-56	-51	-59	-121	-82	-179	-73					79	57	39	52	50	42	41	77	99	116	121	123	131	123	140	120	134	112	139	103	61	92	141	90	188	127					56.30	71.60	101.90	140.50	149.80	132.10	105.40	69.40	84.80	88.00	99.50	113.40	112.90	105.10	112.20	115.70	114.30	115.90	126.80	122.80	147.10	129.70	149.20	155.70	162.00	234.90					14.83918852	-160.91789737	14.81244313	-160.93778696
111	14	07	06	05	50	48	19		36	34	32	34	36	39	40	40	40	38	36	34	31	28	25	23	21	20	18	17	16	15	14	13	13	12	12	12	11	11	11	10	-3	-29	-45	-48	-26	-14	1	32	41	49	27	9	15	28	25	9	1	-9	62	-48	35	23	44						5	6	-13	-59	-59	-74	-75	-60	-48	-30	-57	-63	-79	-100	-75	-92	-45	-72	-77	-34	-21	-66	-113	-15	-36						12	12	13	66	74	88	79	62	48	44	70	80	83	100	76	96	51	73	77	35	65	82	118	27	57						65.60	59.00	193.00	206.20	217.30	213.00	199.10	193.10	178.80	133.20	144.30	142.10	161.10	174.90	168.70	163.10	150.90	172.90	179.30	194.80	108.70	216.00	162.80	123.10	129.30						14.81240951	-160.93783281	14.78694052	-160.95551896
112	14	07	06	06	10	49	91		33	33	32	31	33	37	40	41	42	42	40	38	34	31	28	25	23	20	19	17	16	15	15	14	14	13	12	12	12	11	27	31	29	42	3	-5	-1	-6	23	72	57	71	28	30	35	82	41	18	38	11	31	15	74	-98	74	101					17	27	26	-9	-36	-33	-60	-47	-39	-53	-50	-60	-78	-85	-47	-62	-40	-31	-12	-5	-12	-22	-49	8	-179	-246					32	41	39	43	36	33	60	47	45	89	76	93	83	90	59	103	57	36	40	12	33	27	89	98	194	266					57.80	48.90	48.10	102.10	175.20	188.60	181.00	187.30	149.50	126.40	131.30	130.20	160.30	160.60	143.30	127.10	134.30	149.90	107.50	114.40	111.20	145.70	123.50	274.70	157.50	157.70					14.78689383	-160.95553899	14.76189103	-160.97396669
113	14	07	06	06	30	51	59		32	30	28	27	28	32	35	39	42	43	42	39	35	30	28	25	22	19	18	17	17	15	15	14	14	13	12	12	12	12	43	13	29	4	-29	-52	-43	-39	-20	-4	23	34	45	39	16	12	2	-17	-27	-32	21	-1	-7	56	61	234	-54				-7	12	31	9	3	-44	-44	-25	-54	-38	-72	-46	-52	-59	-77	-65	-55	-4	-28	-2	-15	-27	-20	-1	-13	-257	-248				44	18	42	10	29	68	62	46	58	38	76	57	69	71	79	66	55	17	39	32	26	27	21	56	62	348	254				99.20	47.30	43.10	24.00	275.90	229.80	224.30	237.30	200.30	186.00	162.30	143.50	139.10	146.50	168.30	169.50	177.90	256.80	224.00	266.40	125.50	182.10	199.30	91.00	102.00	137.70	192.30				14.76185784	-160.97400282	14.73492603	-160.99380364
114	14	07	06	06	50	46	47		32	29	27	26	27	30	34	38	42	43	42	40	36	33	29	26	22	20	18	18	16	15	15	14	14	13	12	12	12	12	79	70	86	32	9	-8	1	-16	-4	0	13	34	26	26	33	36	21	-1	-6	-5	31	-16	27	-62	87	-45	283				-83	-89	-101	-55	-54	-75	-98	-103	-98	-95	-117	-88	-113	-98	-84	-81	-66	-71	-57	-55	-83	-23	-40	-131	-44	54	0				115	113	133	64	55	75	98	104	98	95	118	94	116	101	90	89	69	71	57	55	89	28	48	145	97	70	283				136.40	141.80	139.60	149.80	170.50	186.10	179.40	188.80	182.30	180.00	173.70	158.90	167.00	165.10	158.60	156.00	162.30	180.80	186.00	185.20	159.50	214.80	146.00	205.30	116.80	320.20	90.00				14.73487716	-160.99384337	14.70922753	-161.01483651
115	14	07	06	07	10	48	27		35	30	26	24	25	28	32	36	40	41	40	38	34	30	26	23	20	19	18	17	16	15	14	14	13	13	12	12	12	12	56	32	19	14	24	-5	2	-16	-8	-6	3	16	8	11	10	-7	-23	5	-44	-34	-47	-51	-19	3	-101	-172					-108	-97	-120	-85	-79	-121	-123	-108	-121	-137	-118	-149	-123	-124	-112	-116	-78	-88	-79	-87	-105	-109	-50	-26	-94	-149					122	102	121	86	83	121	123	109	121	137	118	150	123	124	112	116	81	88	90	93	115	120	53	26	138	228					152.60	161.70	171.00	170.60	163.10	182.40	179.10	188.40	183.80	182.50	178.50	173.90	176.30	174.90	174.90	183.50	196.40	176.70	209.10	201.30	204.10	205.10	200.80	173.40	227.10	229.10					14.70918336	-161.01487163	14.68264097	-161.03523580
116	14	07	06	07	30	49	95		34	30	28	26	28	31	34	38	41	41	39	36	33	30	27	24	22	20	18	17	16	15	14	14	13	13	12	12	12	12	45	50	12	18	-1	1	-19	9	21	24	37	18	14	33	2	24	8	12	-20	-11	10	-70	-40	8	83	112		284			-73	-108	-96	-115	-113	-115	-111	-121	-111	-123	-126	-97	-89	-85	-89	-94	-71	-90	-25	-81	-71	-14	-106	8	-140	-21		-82			86	119	97	116	113	115	113	121	113	125	131	99	90	91	89	97	71	91	32	82	72	71	113	11	163	114		296			148.30	155.20	172.90	171.10	180.50	179.50	189.70	175.70	169.30	169.00	163.60	169.50	171.10	158.80	178.70	165.70	173.60	172.40	218.70	187.70	172.00	258.70	200.70	45.00	149.30	100.60		106.10			14.68259663	-161.03526313	14.65411333	-161.05407287
117	14	07	06	07	50	51	64		31	30	29	27	24	26	28	33	38	40	38	37	34	32	30	26	23	20	19	17	16	15	15	14	14	13	12	12	12	12	50	56	51	39	50	-3	-6	-20	-18	15	25	24	46	23	27	22	38	6	-4	-14	-67	-3	-6	11	77	-119					-53	-109	-103	-87	-105	-125	-133	-149	-155	-137	-139	-112	-117	-98	-83	-106	-93	-57	-50	-72	-93	-97	-36	-36	-83	223					73	123	115	95	116	125	133	150	156	138	141	115	126	101	87	108	100	57	50	73	115	97	36	38	113	253					136.70	152.80	153.70	155.90	154.50	181.40	182.60	187.60	186.60	173.80	169.80	167.90	158.50	166.80	162.00	168.30	157.80	174.00	184.60	191.00	215.80	181.80	189.50	163.00	137.10	331.90					14.65401770	-161.05414948	14.62884449	-161.07314447
118	14	07	06	08	10	46	42		30	30	28	26	26	28	33	38	40	42	40	37	33	30	27	25	22	20	19	17	16	16	15	14	13	12	12	12	12	12	25	48	60	62	26	16	-14	-8	-7	28	38	35	44	26	10	21	27	15	-36	-31	0	-65	-8	37	-99		-100				-38	-64	-67	-84	-81	-100	-118	-110	-128	-109	-75	-80	-78	-49	-42	-42	-20	-12	25	-9	18	-53	-32	-10	-8		305				45	80	90	104	85	101	119	110	128	113	84	87	90	55	43	47	34	19	44	32	18	84	33	38	99		321				146.70	143.10	138.20	143.60	162.20	170.90	186.80	184.20	183.10	165.60	153.10	156.40	150.60	152.00	166.60	153.40	126.50	128.70	304.80	253.80	0.00	230.80	194.00	105.10	265.40		341.80				14.62880569	-161.07319585	14.60439918	-161.09080430
119	14	07	06	08	30	48	11		31	30	29	28	29	32	38	42	44	46	44	40	36	33	30	27	24	22	20	18	17	16	14	14	13	13	12	12	12	12	54	87	66	83	61	24	31	25	45	53	69	67	63	57	44	24	22	3	20	-5	-30	8	43	-27	-107		334				30	-1	-10	-43	-48	-89	-108	-88	-96	-60	-71	-48	-47	-51	-45	-35	-22	-33	-14	-29	4	-46	-51	-23	130		-253				62	87	67	93	78	92	112	91	106	80	99	82	79	76	63	42	31	33	24	29	30	47	67	35	168		419				60.90	90.70	98.60	117.40	128.20	164.90	164.00	164.10	154.90	138.50	135.80	125.60	126.70	131.80	135.60	145.60	135.00	174.80	125.00	189.80	277.60	170.10	139.90	229.60	320.50		127.10				14.60435869	-161.09081520	14.58172487	-161.10949586
120	14	07	06	08	50	49	83		32	32	33	37	43	48	50	51	52	50	48	44	40	36	32	29	26	23	22	20	17	16	15	14	13	13	12	12	12	12	54	42	34	21	-5	26	23	12	26	61	68	64	46	34	29	10	21	17	1	-11	-58	-45	-6	-16	28	-135	295				10	-10	-40	-69	-86	-105	-98	-102	-86	-77	-51	-71	-72	-56	-52	-59	-45	-62	-31	-44	-86	-71	-112	-74	-255	-229	-39				55	43	52	72	86	108	101	103	90	98	85	96	85	66	60	60	50	64	31	45	104	84	112	76	257	266	298				79.50	103.40	139.60	163.10	183.30	166.10	166.80	173.30	163.20	141.60	126.90	138.00	147.40	148.70	150.90	170.40	155.00	164.70	178.20	194.00	214.00	212.40	183.10	192.20	173.70	210.50	97.50				14.58169369	-161.10953853	14.55903850	-161.12862035
121	14	07	06	09	10	51	52		32	33	33	32	33	35	36	37	38	38	37	36	33	30	27	25	22	20	18	16	15	14	13	13	12	12	12	12	12	12	12	17	33	24	0	16	6	32	18	39	33	32	36	46	43	29	15	-15	6	-39	-18	-11	80	33	-9	187					-48	-77	-86	-99	-115	-124	-112	-122	-113	-102	-109	-85	-92	-94	-75	-107	-63	-106	-92	-90	-137	-81	-106	30	-100	88					49	79	92	102	115	125	112	126	114	109	114	91	99	105	86	111	65	107	92	98	138	82	133	45	100	207					166.00	167.60	159.00	166.40	180.00	172.60	176.90	165.30	170.90	159.10	163.20	159.40	158.60	153.90	150.20	164.80	166.60	188.10	176.30	203.40	187.50	187.70	143.00	47.70	185.10	64.80					14.55899231	-161.12865647	14.53412103	-161.14975984
122	14	07	06	09	30	46	31		34	35	34	31	31	32	32	33	32	33	33	32	29	26	24	21	18	17	16	15	14	14	13	13	12	12	12	12	12	12	64	82	99	87	51	50	64	80	78	65	71	72	73	38	72	25	5	23	-30	3	-29	-149	-37	18	-416		-246				-27	-28	-62	-53	-93	-73	-64	-74	-81	-83	-62	-83	-73	-103	-100	-108	-98	-58	-85	-83	-50	-127	-124	152	-431		-276				69	87	117	102	106	88	91	109	112	105	94	110	103	110	123	111	98	62	90	83	58	196	129	153	599		370				112.90	108.90	122.10	121.30	151.30	145.60	135.00	132.80	136.10	141.90	131.10	139.10	135.00	159.70	144.20	167.00	177.10	158.40	199.40	177.90	210.10	229.60	196.60	6.80	224.00		221.70				14.53407585	-161.14978113	14.52383702	-161.16019364
123	14	07	06	09	50	48	05		31	32	32	29	27	26	28	29	31	32	31	31	30	27	24	21	18	17	16	15	14	14	13	13	12	12	12	12	12	12	104	149	151	131	110	112	109	119	122	99	114	111	112	115	117	134	142	95	65	9	79	49	349	-151	-73						-3	-32	-28	-49	-43	-46	-64	-54	-57	-63	-56	-67	-60	-62	-71	-98	-88	-67	-112	-68	-49	-107	-172	-154	-185						104	152	154	140	118	121	126	131	135	117	127	130	127	131	137	166	167	116	129	69	93	118	389	216	199						91.70	102.10	100.50	110.50	111.40	112.30	120.40	114.40	115.00	122.50	116.20	121.10	118.20	118.30	121.30	126.20	121.80	125.20	149.90	172.50	121.80	155.40	116.20	224.40	201.50						14.52383014	-161.16019330	14.51454283	-161.16525220
124	14	07	06	10	10	49	77		38	38	35	31	28	29	30	32	32	33	33	32	30	28	25	22	20	19	17	17	16	15	14	13	13	12	12	12	12	12	132	135	149	144	92	132	142	144	122	125	129	128	102	132	115	90	100	72	51	121	35	4	146	169	248			648			27	25	2	14	0	-6	12	4	1	18	14	28	3	9	-13	-38	-28	-14	-44	-31	-29	21	-1	-24	-150			-448			135	137	149	145	92	132	143	144	122	126	130	131	102	132	116	98	104	73	67	125	45	21	146	171	290			788			78.40	79.50	89.20	84.40	90.00	92.60	85.20	88.40	89.50	81.80	83.80	77.70	88.30	86.10	96.40	112.90	105.60	101.00	130.80	104.40	129.60	10.80	90.40	98.10	121.20			124.70			14.51452330	-161.16527315	14.49884864	-161.17844665
125	14	07	06	10	30	51	47		39	38	35	32	31	32	34	36	37	38	38	36	33	30	27	24	22	20	18	17	16	15	14	13	13	13	12	12	12	12	118	122	110	104	96	98	87	88	83	81	97	89	87	90	94	63	67	64	33	-2	-5	-36	71	102	-185		335	-277			-52	-49	-69	-60	-80	-85	-88	-70	-57	-69	-65	-55	-44	-58	-71	-45	-81	-106	-100	-112	-67	-33	-55	124	-87		66	735			129	131	130	120	125	130	124	112	101	106	117	105	97	107	118	77	105	124	105	112	67	49	90	161	204		341	785			113.80	111.90	122.10	120.00	129.80	130.90	135.30	128.50	124.50	130.40	123.80	121.70	116.80	122.80	127.10	125.50	140.40	148.90	161.70	181.00	184.30	227.50	127.80	39.40	244.80		78.90	339.40			14.49881016	-161.17848454	14.47369404	-161.20016081
126	14	07	06	10	50	46	30		40	36	31	30	31	35	37	39	39	38	36	32	28	25	23	21	20	18	17	16	15	14	13	13	13	13	12	12	12	12	160	147	124	115	94	98	114	92	105	96	95	100	66	72	51	43	38	34	24	-1	19	86	180	72	377	118			-795		-20	-23	-30	-17	-11	-15	-17	-36	-43	-46	-32	-16	-38	-33	-43	-34	-48	-63	-48	-83	-26	-32	-211	-101	-130	-83			355		161	149	128	116	95	99	115	99	113	106	100	101	76	79	67	55	61	72	54	83	32	92	277	124	399	144			871		97.10	98.90	103.60	98.40	96.70	98.70	98.50	111.40	112.30	115.60	108.60	99.10	119.90	114.60	130.10	128.30	141.60	151.60	153.40	180.70	143.80	110.40	139.50	144.50	109.00	125.10			294.10		14.47365901	-161.20019920	14.45204183	-161.22029163
127	14	07	06	11	10	47	98		36	31	28	25	26	28	30	32	33	34	34	33	31	29	26	24	21	20	19	18	16	14	14	14	13	13	12	13	13	12	181	165	129	133	71	93	85	91	104	73	81	71	72	52	64	47	31	41	57	47	51	100	73	-38	123	31	152	-192			-19	-25	-30	-46	0	-24	-16	-7	-12	-20	-37	-22	-28	-9	-12	-22	-27	-26	-12	-90	-61	-58	69	-95	-72	30	502	155			182	167	132	141	71	96	86	91	105	76	89	74	77	53	65	52	41	49	58	102	80	116	100	102	143	43	525	247			96.00	98.60	103.10	109.10	90.00	104.50	100.70	94.40	96.60	105.30	114.60	107.20	111.30	99.80	100.60	115.10	131.10	122.40	101.90	152.40	140.10	120.10	46.60	201.80	120.30	45.90	16.80	308.90			14.45200352	-161.22032885	14.42839002	-161.24145652
128	14	07	06	11	30	49	67		32	28	26	25	26	29	32	34	36	36	35	34	34	32	29	26	23	21	19	17	16	15	14	13	13	13	13	13	12	12	116	76	79	49	26	4	10	8	1	-3	22	1	2	5	0	31	18	-19	-13	-7	27	0	40	-4	-58	-95	-46	79	95	-51	-83	-78	-101	-45	-53	-45	-66	-60	-82	-70	-82	-72	-64	-52	-62	-57	-84	-50	-50	-51	-95	-17	42	16	-82	-140	-84	15	-271	-38	143	109	128	67	59	45	67	61	82	70	85	72	64	52	62	65	86	53	52	51	99	17	58	16	100	169	96	80	287	64	125.60	135.70	142.00	132.60	153.90	174.90	171.40	172.40	179.30	182.50	165.00	179.20	178.20	174.50	180.00	151.50	167.90	200.80	194.60	187.80	164.10	180.00	43.60	346.00	215.30	214.20	208.70	79.20	160.70	233.30	14.42834384	-161.24149080	14.40394152	-161.26142766
129	14	07	06	11	50	51	39		32	29	26	26	28	29	32	34	35	36	35	34	32	30	26	22	20	18	18	16	15	14	14	13	13	13	13	13	14	13	58	43	-3	-1	-3	-11	-11	-26	-37	-30	-23	-14	-10	-3	-16	-5	2	-23	-31	2	-20	-1	-29	-6	-296	-225	39	263	47	14	-52	-29	-23	-28	-31	-48	-52	-59	-59	-36	-29	-35	-39	8	-10	-17	-21	-22	-29	-58	-8	-18	-127	56	-33	28	-3	198	-130	-72	78	52	23	28	31	49	53	64	70	47	37	38	40	9	19	18	21	32	42	58	22	18	130	56	298	227	39	329	138	73	131.90	124.00	187.40	182.00	185.50	192.90	191.90	203.80	212.10	219.80	218.40	201.80	194.40	339.40	238.00	196.40	174.60	226.30	226.90	178.00	248.20	183.20	192.90	353.90	263.60	277.10	94.40	53.00	160.10	169.00	14.40390598	-161.26147133	14.37916654	-161.28136318
130	14	07	06	12	10	46	17		30	30	29	28	28	29	30	32	32	31	30	29	27	24	22	20	19	18	17	16	15	14	13	13	12	12	12	12	12	12	73	58	55	32	33	35	24	12	18	34	38	27	32	5	32	18	38	-3	-12	0	-7	-102	-63	-430	318	-179	-98				-7	7	1	-15	-3	-7	-28	-5	-18	7	11	17	5	-1	-16	-9	6	-11	21	-44	21	32	-116	13	142	239	32				73	58	55	35	33	36	37	13	25	35	40	32	32	5	36	20	38	11	24	44	22	107	132	430	348	299	103				95.50	83.10	89.00	115.10	95.20	101.30	139.40	112.60	135.00	78.40	73.90	57.80	81.10	101.30	116.60	116.60	81.00	195.30	330.30	180.00	341.60	287.40	208.50	271.70	65.90	323.20	288.10				14.37911700	-161.28139285	14.35476137	-161.30168418
131	14	07	06	12	30	48	89		30	30	30	30	31	33	34	34	33	32	31	30	29	26	23	20	19	18	16	15	15	14	13	12	12	12	12	13	13	12	82	48	47	49	13	26	30	16	9	22	-8	4	18	10	6	21	3	-13	-8	28	2	-60	-28		241	17	-81		72		28	20	33	18	38	43	8	22	19	26	37	11	4	33	-8	10	28	34	52	20	18	34	-91		330	-222	636		226		87	52	57	52	40	50	31	27	21	34	38	12	18	34	10	23	28	36	53	34	18	69	95		409	223	641		237		71.10	67.40	54.90	69.80	18.90	31.20	75.10	36.00	25.30	40.20	347.80	20.00	77.50	16.90	143.10	64.50	6.10	339.10	351.30	54.50	6.30	299.50	197.10		36.10	175.60	352.70		17.70		14.35473204	-161.30172132	14.33203368	-161.32170335
132	14	07	06	12	50	50	59		34	31	28	25	26	29	32	33	32	32	31	30	28	26	24	22	20	18	17	16	15	14	13	13	12	12	12	12	12	12	34	54	45	14	28	40	41	57	19	-6	-1	-16	-19	-24	-3	-16	-55	-40	-58	-13	-45	8	82	104							-62	-47	-51	-44	-72	-86	-75	-73	-61	-62	-69	-68	-71	-81	-91	-67	-101	-82	-55	-84	-34	-111	11	-175							71	72	68	46	77	95	85	93	64	62	69	70	73	84	91	69	115	91	80	85	56	111	83	204							151.30	131.00	138.60	162.30	158.70	155.10	151.30	142.00	162.70	185.50	180.80	193.20	195.00	196.50	181.90	193.40	208.60	206.00	226.50	188.80	232.90	175.90	82.40	149.30							14.33198933	-161.32174568	14.30622596	-161.33841050
133	14	07	06	13	10	52	31		35	31	28	25	25	28	31	33	33	33	33	32	30	27	24	21	19	19	17	16	15	14	14	13	12	12	12	12	12	13	49	17	34	0	-1	5	8	13	1	-20	-27	-6	-36	1	-22	-42	-38	-90	-42	-81	-54	-124	-45	-98	-227	-67				-39	-56	-32	-65	-44	-46	-55	-75	-73	-84	-58	-63	-51	-55	-58	-75	-65	-75	-63	-43	-85	-56	-78	40	-347	-115	-21				26	74	36	73	44	46	55	75	74	84	61	69	51	66	58	78	77	84	110	60	117	78	146	60	361	254	70				47	138.80	152.00	152.40	180.00	181.20	174.80	173.90	169.90	179.30	199.00	203.20	186.70	213.20	179.00	196.30	212.90	206.90	235.00	224.30	223.60	224.00	237.80	311.60	195.80	243.10	252.60				303.70	14.30618917	-161.33845635	14.28004936	-161.35811769
134	14	07	06	13	30	47	11		32	28	24	22	23	25	28	30	32	32	32	32	29	26	24	21	20	18	17	16	15	14	14	13	13	12	12	12	13	12	49	38	29	37	10	35	32	21	1	16	5	-9	21	21	1	-12	-41	-67	-89	-9	-65	52	-107	-36	-25	61	-466				-1	-9	-11	-23	-30	-55	-46	-69	-61	-74	-46	-42	-60	-48	-55	-79	-105	-86	-80	-106	-62	-55	-76	-107	-110	-120	-328				49	39	31	44	32	65	56	72	61	76	46	43	64	52	55	80	113	109	120	106	90	76	131	113	113	135	570				91.20	103.30	110.80	121.90	161.60	147.50	145.20	163.10	179.10	167.80	173.80	192.10	160.70	156.40	179.00	188.60	201.30	217.90	228.00	184.90	226.40	136.60	234.60	198.60	192.80	153.10	234.90				14.27999865	-161.35814016	14.25235019	-161.37858018
135	14	07	06	13	50	48	80		30	26	22	22	24	25	26	28	30	30	30	30	29	27	24	21	19	18	17	16	15	14	14	13	12	12	12	12	12	12	31	24	31	24	41	20	16	29	23	22	-2	5	3	11	0	1	14	-35	-55	-21	-51	-12	93	-37	21	329					-35	-57	-53	-54	-80	-72	-64	-90	-75	-67	-61	-49	-53	-57	-53	-85	-113	-165	-88	-123	-109	-103	-159	160	-146	-80					47	62	61	59	90	75	66	95	78	71	61	49	53	58	53	85	114	169	104	125	120	104	184	164	148	339					138.50	157.20	149.70	156.00	152.90	164.50	166.00	162.10	163.00	161.80	181.90	174.20	176.80	169.10	180.00	179.30	172.90	192.00	212.00	189.70	205.10	186.60	149.70	347.00	171.80	103.70					14.25229319	-161.37859452	14.22459017	-161.39907829
136	14	07	06	14	10	50	48		32	29	26	25	26	27	28	29	30	30	31	32	30	27	23	21	19	18	17	16	15	14	14	13	12	12	12	13	12	12	-3	26	30	-5	37	56	46	27	7	9	1	27	26	44	27	19	0	-1	-10	-19	-30	-24	-72	290	132	-142	-464				-49	-47	-67	-58	-59	-70	-86	-76	-51	-31	-35	-58	-72	-61	-68	-97	-94	-63	-51	-93	-53	-53	104	-258	-67	25	-23				49	54	73	58	70	90	98	81	51	32	35	64	77	75	73	99	94	63	52	95	61	58	126	388	148	144	465				183.50	151.00	155.90	184.90	147.90	141.30	151.90	160.40	172.20	163.80	178.40	155.00	160.10	144.20	158.30	168.90	180.00	180.90	191.10	191.50	209.50	204.40	325.30	131.70	116.90	280.00	267.20				14.22454599	-161.39911585	14.19780118	-161.42014763
137	14	07	06	14	30	52	17		32	29	26	25	26	26	28	28	27	27	28	28	26	24	21	20	18	17	16	16	15	14	13	12	12	12	12	12	12	12	-17	23	13	17	16	14	12	31	18	13	25	32	37	43	21	27	-51	-31	-64	-36	-30	-58	-82	108	-297			296	-29		-40	-34	-48	-40	-29	-46	-40	-37	-60	-54	-39	-39	-47	-48	-56	-61	-56	-54	-69	-42	-59	8	123	18	116			-163	204		43	41	50	43	33	48	42	48	63	56	46	50	60	64	60	67	76	62	94	55	66	59	148	109	319			338	206		203.00	145.90	164.80	157.00	151.10	163.10	163.30	140.00	163.30	166.50	147.30	140.60	141.80	138.10	159.40	156.10	222.30	209.90	222.80	220.60	207.00	277.90	326.30	80.50	291.30			118.80	351.90		14.19776330	-161.42019449	14.17127280	-161.44118487
138	14	07	06	14	50	47	00		32	30	27	26	27	28	28	28	28	30	31	30	27	24	21	20	18	17	16	15	15	14	13	12	12	13	13	13	12	12	-52	-31	-52	-67	-38	-40	-28	-43	-44	-43	-30	-19	-33	-30	-36	-73	-68	-75	-71	-40	-21	-42	-52	-542	-106	-125	372			-219	-72	-64	-74	-65	-74	-100	-87	-83	-51	-83	-70	-68	-90	-66	-46	-79	-90	-29	-63	-21	-101	72	-151	273	323	-481	-108			44	89	71	90	93	83	108	91	93	67	93	76	71	96	72	58	108	113	80	95	45	103	83	160	607	340	497	387			223	215.80	205.80	215.10	225.90	207.20	201.80	197.80	207.40	220.80	207.40	203.20	195.60	200.10	204.40	218.00	222.70	217.10	248.90	228.40	242.30	191.70	329.70	199.00	296.70	341.80	194.60	106.20			281.40	14.17122913	-161.44122267	14.14183647	-161.46197098
139	14	07	06	15	10	48	69		31	29	28	28	28	29	30	30	30	32	33	32	31	27	24	21	19	18	17	16	15	14	13	12	12	12	13	13	14	14	-34	-33	-29	-25	-9	-6	-7	-26	-23	-20	-9	12	-26	-25	-42	-81	-69	-97	-95	-104	-11	36	-2	-19	-21	-20	96	68	-33	-74	-65	-56	-57	-56	-71	-91	-93	-60	-65	-66	-34	-33	-27	-44	-58	-39	-23	-50	-89	-43	23	19	29	-25	-62	-122	-495	44	-61	-245	73	65	64	61	72	91	93	65	69	69	35	35	37	51	72	90	73	109	130	113	25	41	29	31	65	124	504	81	69	256	207.60	210.50	207.00	204.10	187.20	183.80	184.30	203.40	199.50	196.90	194.80	160.00	223.90	209.60	215.90	244.30	251.60	242.70	226.90	247.50	334.40	62.20	356.10	217.20	198.70	189.30	169.00	57.10	208.40	196.80	14.14178786	-161.46200334	14.11326969	-161.48143603
140	14	07	06	15	30	50	45		33	32	31	30	31	31	32	34	35	36	36	35	32	30	28	26	25	24	23	22	21	20	20	20	19	19	19	20	20	19	-8	-24	-3	-69	-62	-35	-12	-28	-28	-17	-28	-7	-27	-69	-73	-55	-72	-89	-144	-92	31									-108	-50	-29	-20	4	-72	-37	-43	-43	-24	-25	-43	-13	-24	-15	31	-22	8	-36	-29	115	-81									-200	51	38	20	69	95	51	45	51	37	30	51	15	36	71	79	59	72	96	147	147	87									227	189.10	219.60	188.50	273.30	220.70	223.40	195.60	213.10	229.40	214.20	213.10	208.30	228.40	257.70	293.00	248.20	276.30	248.00	258.60	321.30	159.10									208.40	14.11321982	-161.48147651	14.09429918	-161.49416981
