"Series Data"
"C:\Data\OceanDataView\ADCP Text Files\S254001_000000.LTA"
"Broadband 76.8 kHz"
"Pings/Ens ="	174
"Time/Ping = 00:02.00"
"First Ensemble Date = 14/07/03"
"First Ensemble Time = 00:25:52.53"
"Ensemble Interval (s) = "	1200.03
"1st Bin Range (m) = "	18.68
"Bin Size (m) ="	10.00


Ens	YR	MO	DA	HH	MM	SS	HH		"EAA"	"EAA"	"EAA"	"EAA"	"EAA"	"EAA"	"EAA"	"EAA"	"EAA"	"EAA"	"EAA"	"EAA"	"EAA"	"EAA"	"EAA"	"EAA"	"EAA"	"EAA"	"EAA"	"EAA"	"EAA"	"EAA"	"EAA"	"EAA"	"EAA"	"EAA"	"EAA"	"EAA"	"EAA"	"EAA"	"Eas"	"Eas"	"Eas"	"Eas"	"Eas"	"Eas"	"Eas"	"Eas"	"Eas"	"Eas"	"Eas"	"Eas"	"Eas"	"Eas"	"Eas"	"Eas"	"Eas"	"Eas"	"Eas"	"Eas"	"Eas"	"Eas"	"Eas"	"Eas"	"Eas"	"Eas"	"Eas"	"Eas"	"Eas"	"Eas"	"Nor"	"Nor"	"Nor"	"Nor"	"Nor"	"Nor"	"Nor"	"Nor"	"Nor"	"Nor"	"Nor"	"Nor"	"Nor"	"Nor"	"Nor"	"Nor"	"Nor"	"Nor"	"Nor"	"Nor"	"Nor"	"Nor"	"Nor"	"Nor"	"Nor"	"Nor"	"Nor"	"Nor"	"Nor"	"Nor"	"Mag"	"Mag"	"Mag"	"Mag"	"Mag"	"Mag"	"Mag"	"Mag"	"Mag"	"Mag"	"Mag"	"Mag"	"Mag"	"Mag"	"Mag"	"Mag"	"Mag"	"Mag"	"Mag"	"Mag"	"Mag"	"Mag"	"Mag"	"Mag"	"Mag"	"Mag"	"Mag"	"Mag"	"Mag"	"Mag"	"Dir"	"Dir"	"Dir"	"Dir"	"Dir"	"Dir"	"Dir"	"Dir"	"Dir"	"Dir"	"Dir"	"Dir"	"Dir"	"Dir"	"Dir"	"Dir"	"Dir"	"Dir"	"Dir"	"Dir"	"Dir"	"Dir"	"Dir"	"Dir"	"Dir"	"Dir"	"Dir"	"Dir"	"Dir"	"Dir"	    "FLat"	    "FLon"	    "LLat"	    "LLon"
									"cnt"	"cnt"	"cnt"	"cnt"	"cnt"	"cnt"	"cnt"	"cnt"	"cnt"	"cnt"	"cnt"	"cnt"	"cnt"	"cnt"	"cnt"	"cnt"	"cnt"	"cnt"	"cnt"	"cnt"	"cnt"	"cnt"	"cnt"	"cnt"	"cnt"	"cnt"	"cnt"	"cnt"	"cnt"	"cnt"	"mm/s"	"mm/s"	"mm/s"	"mm/s"	"mm/s"	"mm/s"	"mm/s"	"mm/s"	"mm/s"	"mm/s"	"mm/s"	"mm/s"	"mm/s"	"mm/s"	"mm/s"	"mm/s"	"mm/s"	"mm/s"	"mm/s"	"mm/s"	"mm/s"	"mm/s"	"mm/s"	"mm/s"	"mm/s"	"mm/s"	"mm/s"	"mm/s"	"mm/s"	"mm/s"	"mm/s"	"mm/s"	"mm/s"	"mm/s"	"mm/s"	"mm/s"	"mm/s"	"mm/s"	"mm/s"	"mm/s"	"mm/s"	"mm/s"	"mm/s"	"mm/s"	"mm/s"	"mm/s"	"mm/s"	"mm/s"	"mm/s"	"mm/s"	"mm/s"	"mm/s"	"mm/s"	"mm/s"	"mm/s"	"mm/s"	"mm/s"	"mm/s"	"mm/s"	"mm/s"	"mm/s"	"mm/s"	"mm/s"	"mm/s"	"mm/s"	"mm/s"	"mm/s"	"mm/s"	"mm/s"	"mm/s"	"mm/s"	"mm/s"	"mm/s"	"mm/s"	"mm/s"	"mm/s"	"mm/s"	"mm/s"	"mm/s"	"mm/s"	"mm/s"	"mm/s"	"mm/s"	"mm/s"	"mm/s"	"mm/s"	"mm/s"	"mm/s"	"mm/s"	"mm/s"	"deg"	"deg"	"deg"	"deg"	"deg"	"deg"	"deg"	"deg"	"deg"	"deg"	"deg"	"deg"	"deg"	"deg"	"deg"	"deg"	"deg"	"deg"	"deg"	"deg"	"deg"	"deg"	"deg"	"deg"	"deg"	"deg"	"deg"	"deg"	"deg"	"deg"	     "deg"	     "deg"	     "deg"	     "deg"
									1	2	3	4	5	6	7	8	9	10	11	12	13	14	15	16	17	18	19	20	21	22	23	24	25	26	27	28	29	30	1	2	3	4	5	6	7	8	9	10	11	12	13	14	15	16	17	18	19	20	21	22	23	24	25	26	27	28	29	30	1	2	3	4	5	6	7	8	9	10	11	12	13	14	15	16	17	18	19	20	21	22	23	24	25	26	27	28	29	30	1	2	3	4	5	6	7	8	9	10	11	12	13	14	15	16	17	18	19	20	21	22	23	24	25	26	27	28	29	30	1	2	3	4	5	6	7	8	9	10	11	12	13	14	15	16	17	18	19	20	21	22	23	24	25	26	27	28	29	30

1	14	07	03	00	25	52	53		189	168	146	137	126	114	106	99	92	84	79	76	72	69	66	64	63	61	59	58	57	57	58	56	56	55	55	54	54	55	-212	-449	-438	-409	-421	-472	-484	-480	-516	-505	-519	-473	-515	-511	-622	-623	-549	-711	-647	-658	-771	-572	-678	-753	-728	-514	-611	-673	-500	-551	-412	-665	-651	-787	-921	-1010	-1049	-1062	-1076	-1131	-1139	-1121	-1106	-1154	-1243	-1106	-1111	-1169	-1385	-1333	-1447	-1364	-1195	-1254	-1294	-1213	-1399	-1356	-1401	-1521	463	802	785	887	1013	1115	1155	1165	1193	1239	1252	1217	1220	1262	1390	1269	1239	1368	1529	1487	1640	1479	1374	1463	1485	1317	1527	1514	1488	1618	207.20	214.00	213.90	207.50	204.60	205.00	204.80	204.30	205.60	204.10	204.50	202.90	205.00	203.90	206.60	209.40	206.30	211.30	205.00	206.30	208.00	202.80	209.60	211.00	209.40	203.00	203.60	206.40	199.60	199.90	21.30602530	-157.86645630	21.28011969	-157.87945848
2	14	07	03	00	45	54	22		161	145	136	138	136	128	121	116	111	104	100	95	91	87	82	78	74	71	70	71	67	64	63	60	55	49	46	44	43	42	160	188	134	67	53	-44	-128	-90	-11	4	62	199	238	196	116	61	49	52	-17	-41	-35	-48	-107	-176	-223	-237	-259	-250	-317	-321	23	11	-40	-45	-92	-66	-58	-40	-98	-112	-152	-177	-230	-238	-241	-254	-246	-192	-270	-232	-261	-340	-400	-488	-509	-556	-619	-729	-975	-1107	162	188	140	81	106	79	141	98	99	112	164	266	331	308	267	261	251	199	271	236	263	343	414	519	556	604	671	771	1025	1153	81.80	86.70	106.60	123.90	150.10	213.70	245.60	246.00	186.40	178.00	157.80	131.70	134.00	140.50	154.30	166.50	168.70	164.80	183.60	190.00	187.60	188.00	195.00	199.80	203.70	203.10	202.70	198.90	198.00	196.20	21.28004869	-157.87948036	21.24186720	-157.89543430
3	14	07	03	01	05	55	92		160	144	131	124	121	122	126	120	112	106	99	93	89	86	83	77	72	68	65	59	53	49	46	41	34	29	24	22	19	18	91	102	95	110	123	83	87	81	121	164	218	279	295	259	222	179	107	95	59	4	-1	15	8	-45	-35	-7	16	49	7	27	-10	-22	-23	-20	-23	-116	-124	-116	-141	-156	-186	-202	-201	-186	-131	-87	-31	-8	0	24	54	86	122	119	103	120	107	77	42	-3	92	104	98	112	125	143	151	141	186	226	287	344	357	319	258	199	111	95	59	24	54	87	122	127	109	120	108	91	43	27	96.30	102.20	103.60	100.30	100.60	144.40	144.90	145.10	139.40	133.60	130.50	125.90	124.30	125.70	120.50	115.90	106.20	94.80	90.00	9.50	358.90	9.90	3.80	339.30	341.20	356.70	8.50	32.50	9.50	96.30	21.24180702	-157.89545434	21.21225402	-157.90470636
4	14	07	03	01	25	57	63		155	142	128	120	117	123	131	121	109	103	98	94	91	88	83	78	72	65	59	54	49	43	36	31	28	24	21	20	22	24	47	64	51	80	126	89	182	229	240	230	150	131	105	104	100	83	60	37	35	11	-24	-60	-55	-82	-81	-75	-31	-65	-45	-79	41	20	-21	-39	-6	-79	-54	-31	-83	-122	-193	-215	-230	-209	-158	-129	-99	-66	-18	22	61	110	131	165	142	122	91	-4	28	38	62	67	55	89	126	119	190	231	254	260	244	252	253	233	187	153	116	76	39	25	66	125	142	184	163	143	96	65	53	88	48.90	72.60	112.40	116.00	92.70	131.60	106.50	97.70	109.10	117.90	142.10	148.60	155.50	153.50	147.70	147.20	148.80	150.70	117.20	26.60	338.50	331.40	337.20	333.60	330.30	328.40	341.20	266.50	301.90	295.70	21.21214187	-157.90474484	21.18899650	-157.91935952
5	14	07	03	01	45	59	31		154	144	134	125	122	124	122	116	107	104	100	93	87	82	78	75	71	64	57	50	46	42	36	33	31	30	28	26	28	32	59	80	80	59	95	113	201	228	219	196	173	165	179	64	-19	-43	-45	-65	-85	-90	-132	-175	-181	-184	-204	-236	-170	-127	-111	-92	84	66	66	61	25	26	28	12	-68	-104	-109	-109	-110	-123	-138	-116	-72	-47	-22	-16	-1	15	54	110	134	81	87	67	47	49	103	104	104	85	98	116	203	228	229	222	204	198	210	139	139	124	85	80	88	91	132	176	189	214	244	250	191	144	121	104	35.10	50.50	50.50	44.00	75.30	77.00	82.10	87.00	107.20	118.00	122.20	123.40	121.60	152.50	187.80	200.30	212.00	234.10	255.50	259.90	269.60	274.90	286.60	300.90	303.30	288.90	297.10	297.80	292.90	298.00	21.18894168	-157.91938215	21.15631169	-157.93416817
6	14	07	03	02	05	54	13		153	145	138	127	124	126	124	117	109	104	99	92	88	84	79	73	70	68	63	57	50	45	40	40	38	34	33	36	38	41	114	108	72	80	90	169	218	161	141	143	117	79	10	-43	-48	-78	-114	-137	-184	-209	-176	-147	-156	-199	-180	-144	-158	-120	-96	-99	132	65	69	37	57	114	110	65	9	-45	-33	-55	-43	-16	-5	-14	-26	-30	-27	-16	-12	-43	-31	30	135	155	109	47	28	25	174	126	100	88	107	204	244	174	141	150	122	96	44	46	48	79	117	140	186	210	176	153	159	201	225	212	192	129	100	102	40.80	59.00	46.20	65.20	57.70	56.00	63.20	68.00	86.30	107.50	105.80	124.80	166.90	249.60	264.10	259.80	257.20	257.60	261.70	265.60	266.10	253.70	258.80	278.60	306.90	317.10	304.60	291.40	286.30	284.20	21.15625603	-157.93419197	21.12230496	-157.94761567
7	14	07	03	02	25	55	81		153	145	143	131	128	130	127	117	111	106	100	96	92	84	78	76	74	69	64	59	56	52	46	44	40	36	31	30	34	38	55	64	31	-32	12	94	150	125	66	55	1	-71	-107	-93	-144	-218	-285	-268	-258	-235	-212	-180	-244	-276	-281	-274	-240	-173	-145	-139	-12	-98	-124	-68	37	126	173	219	219	192	136	134	167	131	39	-1	-20	29	48	-5	-37	-45	-58	-53	39	84	29	-25	-42	-31	56	117	128	75	39	157	229	252	229	200	136	152	198	161	149	218	286	270	262	235	215	186	251	281	284	287	242	175	151	142	102.30	146.90	166.00	205.20	18.00	36.70	40.90	29.70	16.80	16.00	0.40	332.10	327.40	324.60	285.20	269.70	266.00	276.20	280.50	268.80	260.10	256.00	256.60	259.10	277.90	287.00	276.90	261.80	253.80	257.40	21.12224679	-157.94763948	21.08912696	-157.96167917
8	14	07	03	02	45	57	50		153	142	138	131	128	128	120	114	111	106	96	86	80	76	74	70	66	63	60	57	53	50	48	44	40	37	33	32	34	36	-2	35	53	41	0	1	21	14	-91	-184	-214	-235	-236	-272	-312	-306	-335	-338	-310	-275	-227	-203	-244	-259	-257	-215	-129	-113	-114	-101	-12	-79	-109	-73	-15	65	109	165	184	222	208	158	136	96	48	50	41	47	41	1	0	7	-5	-32	-14	22	6	-4	-54	-71	12	86	121	84	15	65	111	166	205	288	298	283	272	288	316	310	337	341	313	275	227	203	244	261	257	216	129	113	126	123	189.50	156.10	154.10	150.70	180.00	0.90	10.90	4.80	333.70	320.30	314.20	303.90	300.00	289.40	278.70	279.30	277.00	277.90	277.50	270.20	270.00	272.00	268.80	263.00	266.90	275.80	272.70	268.00	244.70	234.90	21.08901883	-157.96173968	21.05653963	-157.97584852
9	14	07	03	03	05	59	19		157	152	141	126	124	132	126	118	113	107	98	87	79	74	71	69	66	61	57	55	51	47	44	40	36	33	33	36	38	36	-75	-68	-107	-116	-101	16	-8	-6	-62	-143	-194	-206	-222	-226	-181	-177	-216	-210	-194	-137	-143	-184	-185	-137	-86	-88	-35	-63	-33	-16	9	-63	-116	-146	-145	-109	-5	49	99	177	209	163	162	136	125	84	90	102	128	163	138	81	59	42	55	36	18	-56	-75	-63	76	93	158	186	177	110	9	49	117	228	285	263	275	264	220	196	234	233	232	213	199	201	194	143	102	95	39	84	82	65	276.80	227.20	222.70	218.50	214.90	171.60	238.00	353.00	327.90	321.10	317.10	308.40	306.10	301.00	304.60	295.40	292.60	295.90	303.40	320.00	314.00	293.80	287.70	287.00	302.60	292.20	297.20	228.40	203.70	194.30	21.05647685	-157.97586151	21.02258219	-157.99040554
10	14	07	03	03	25	54	02		156	152	140	130	128	132	128	122	116	108	100	94	84	76	69	66	64	60	56	52	46	40	36	32	30	28	28	29	29	27	-89	-127	-204	-203	-154	-85	-26	-49	-120	-174	-195	-219	-240	-212	-184	-96	-77	-130	-154	-112	-112	-80	-100	-88	-86	-69	-79	-82	-109	-116	-56	-115	-135	-154	-125	-129	-90	41	111	166	193	178	155	136	88	141	192	187	193	212	180	165	145	152	161	135	109	78	47	15	105	171	245	255	198	154	94	64	163	240	274	282	286	252	204	171	207	228	247	240	212	183	176	176	183	152	135	113	119	117	237.80	227.80	236.50	232.80	230.90	213.40	196.10	309.90	312.80	313.70	314.70	309.10	302.90	302.70	295.60	325.80	338.10	325.20	321.40	332.20	328.10	334.10	325.40	329.90	331.90	332.90	324.10	313.60	293.30	277.40	21.02252729	-157.99044318	20.98970636	-158.00540169
11	14	07	03	03	45	55	70		155	150	147	142	136	135	133	129	122	114	103	98	90	76	66	61	58	54	48	44	41	38	37	36	36	36	34	32	30	30	-114	-48	-154	-209	-198	-191	-136	-112	-104	-75	-138	-158	-168	-194	-171	-144	-108	-90	-114	-160	-177	-181	-167	-149	-107	-84	-81	-68	-73	-92	59	-22	-61	-84	-103	-110	-61	37	154	209	213	250	300	259	241	274	280	296	245	212	194	169	175	175	121	116	112	135	132	125	128	53	166	225	223	220	149	118	186	222	254	296	344	324	296	310	300	309	270	266	263	248	242	230	162	143	138	151	151	155	297.40	245.40	248.40	248.10	242.50	240.10	245.80	288.30	326.00	340.30	327.10	327.70	330.80	323.20	324.60	332.30	338.90	343.10	335.00	323.00	317.60	313.00	316.30	319.60	318.50	324.10	324.10	333.30	331.10	323.60	20.98965565	-158.00544150	20.95724031	-158.02074417
12	14	07	03	04	05	57	42		156	153	146	146	146	143	137	130	120	109	101	96	89	78	71	68	64	60	58	54	52	52	50	49	47	44	42	40	38	34	-75	-43	-123	-174	-173	-188	-183	-186	-184	-201	-244	-168	-201	-183	-162	-183	-210	-147	-77	-99	-151	-165	-119	-124	-132	-108	-86	-84	-80	-108	-23	-42	-83	-88	-70	-81	-34	74	136	131	179	273	310	299	256	235	238	218	211	201	151	175	227	214	204	132	87	82	128	118	78	60	148	195	187	205	186	200	229	240	303	321	369	351	303	298	317	263	225	224	214	241	256	247	243	171	122	117	151	160	253.00	225.70	236.00	243.20	248.00	246.70	259.50	291.70	306.50	303.10	306.30	328.40	327.00	328.50	327.70	322.10	318.60	326.00	340.00	333.80	315.00	316.70	332.30	329.90	327.10	320.70	315.30	314.30	328.00	317.50	20.95718566	-158.02075566	20.92458903	-158.03610284
13	14	07	03	04	25	59	17		156	150	144	142	144	137	130	121	114	106	102	97	94	86	76	68	64	62	60	57	56	55	53	50	46	44	42	40	37	36	-206	-208	-244	-290	-304	-268	-198	-236	-255	-256	-257	-196	-130	-155	-155	-110	-90	-83	-59	-61	-63	-90	-72	-105	-137	-137	-153	-147	-120	-103	85	58	13	12	20	44	31	53	92	135	166	206	261	234	200	181	199	213	219	139	117	148	202	210	149	81	80	98	74	95	223	216	244	290	305	272	200	242	271	289	306	284	292	281	253	212	218	229	227	152	133	173	214	235	202	159	173	177	141	140	292.40	285.60	273.00	272.40	273.80	279.30	278.90	282.70	289.80	297.80	302.90	316.40	333.50	326.50	322.20	328.70	335.70	338.70	344.90	336.30	331.70	328.70	340.40	333.40	317.40	300.60	297.60	303.70	301.70	312.70	20.92453253	-158.03611466	20.88863452	-158.04986349
14	14	07	03	04	45	53	97		157	148	142	138	134	129	125	122	118	111	104	98	93	87	78	72	68	66	63	62	58	55	52	48	45	44	44	44	44	44	-273	-287	-318	-349	-327	-240	-203	-213	-218	-274	-264	-229	-142	-142	-191	-177	-83	-41	-28	16	29	-23	-21	-66	-59	-95	-123	-104	-82	-56	46	51	66	124	110	-25	-72	-8	38	46	17	50	112	116	62	31	84	121	104	97	74	82	150	130	81	56	68	39	11	31	277	291	325	370	345	241	215	213	221	278	265	234	181	183	201	180	118	128	108	98	79	85	151	146	100	110	141	111	83	64	279.60	280.10	281.70	289.60	288.60	264.10	250.50	267.80	279.90	279.50	273.70	282.30	308.30	309.20	288.00	279.90	315.30	341.30	344.90	9.40	21.40	344.30	352.00	333.10	323.90	300.50	298.90	290.60	277.60	299.00	20.88856570	-158.04986500	20.85322467	-158.05920814
15	14	07	03	05	05	55	75		156	152	146	142	135	128	123	126	122	108	98	95	91	87	82	78	74	70	66	64	62	58	55	52	51	50	50	50	50	48	-227	-220	-225	-229	-228	-207	-151	-66	-70	-134	-205	-204	-135	-97	-134	-154	-115	-2	39	0	18	-9	-57	-80	-81	-115	-127	-139	-102	-48	100	111	130	191	123	-11	10	130	176	121	97	96	118	99	86	50	87	111	137	109	100	59	67	123	72	38	75	93	85	64	248	246	260	298	259	207	151	146	189	181	227	225	179	139	159	162	144	111	142	109	102	60	88	147	108	121	147	167	133	80	293.80	296.80	300.00	309.80	298.30	267.00	273.80	333.10	338.30	312.10	295.30	295.20	311.20	315.60	302.70	288.00	307.10	359.00	15.90	0.00	10.20	351.30	319.60	327.00	311.60	288.30	300.60	303.80	309.80	323.10	20.85316968	-158.05921837	20.82162087	-158.07022230
16	14	07	03	05	25	57	45		154	150	145	140	136	130	126	128	123	108	100	97	92	86	80	77	74	71	69	67	65	62	60	58	58	58	56	54	52	50	-142	-115	-96	-87	-140	-144	-124	-40	-60	-169	-225	-200	-187	-135	-111	-133	-108	-80	-75	-48	-53	-123	-86	-88	-110	-109	-103	-120	-118	-65	100	149	145	190	198	130	131	204	216	119	77	121	125	62	67	102	112	91	97	126	87	37	80	121	125	111	93	89	90	88	174	188	174	209	242	194	180	208	224	207	238	234	225	149	130	168	156	121	123	135	102	128	117	150	167	156	139	149	148	109	305.20	322.30	326.50	335.40	324.70	312.10	316.60	348.90	344.50	305.20	288.90	301.20	303.80	294.70	301.10	307.50	316.00	318.70	322.30	339.10	328.70	286.70	312.90	324.00	318.70	315.50	312.10	306.60	307.30	323.50	20.82151802	-158.07027401	20.79281436	-158.08471167
17	14	07	03	05	45	59	14		158	152	144	141	135	130	127	129	122	108	104	102	100	96	91	86	83	80	79	77	72	66	63	60	57	55	52	50	48	46	32	7	-15	31	-21	-71	-94	-13	-60	-154	-229	-218	-216	-196	-134	-130	-88	-60	-47	-55	-41	-110	-114	-84	-97	-93	-93	-82	-38	-45	104	132	146	183	191	126	81	92	95	9	-69	-23	28	13	19	58	81	78	27	20	9	-70	-51	-1	28	16	14	5	1	-17	109	132	147	186	192	145	124	93	112	154	239	219	218	196	135	142	120	98	54	59	42	130	125	84	101	94	94	82	38	48	17.10	3.00	354.10	9.60	353.70	330.60	310.80	352.00	327.70	273.30	253.20	264.00	277.40	273.80	278.10	294.00	312.60	322.40	299.90	290.00	282.40	237.50	245.90	269.30	286.10	279.80	278.60	273.50	271.50	249.30	20.79276633	-158.08472970	20.76469014	-158.09643754
18	14	07	03	06	05	53	92		164	156	146	141	135	130	128	128	123	112	107	105	101	99	94	88	85	82	79	75	70	62	58	55	53	50	47	45	44	41	112	81	77	-1	-56	-66	-31	8	3	-102	-127	-150	-168	-170	-117	-56	-24	3	-22	-30	-45	-45	-99	-116	-107	-103	-86	-87	-67	-78	65	58	122	210	226	126	122	152	198	50	-33	-33	63	61	42	44	108	89	70	48	39	17	-21	-6	1	4	-21	-42	-16	-3	129	100	144	210	233	142	126	152	198	114	131	154	179	181	124	71	111	89	73	57	60	48	101	116	107	103	89	97	69	78	59.90	54.40	32.30	359.70	346.10	332.40	345.70	3.00	0.90	296.10	255.40	257.60	290.60	289.70	289.70	308.20	347.50	1.90	342.60	328.00	310.90	290.70	258.00	267.00	270.50	272.20	256.30	244.20	256.60	267.80	20.76463952	-158.09644667	20.73750621	-158.10464619
19	14	07	03	06	25	55	61		163	157	148	146	140	135	131	130	117	108	105	101	97	94	95	89	82	76	74	69	62	56	52	51	50	48	44	41	38	36	44	15	-34	-48	-57	-16	-4	-27	-51	-111	-102	-83	-140	-150	-120	-61	-34	-70	-66	-37	-37	-69	-120	-172	-147	-125	-101	-97	-99	-90	54	30	28	115	167	171	227	245	148	28	-36	-66	-12	45	98	90	118	96	95	111	80	15	-5	8	22	50	57	58	25	34	70	34	44	125	176	172	227	246	157	114	108	106	141	157	155	109	123	119	116	117	88	71	120	172	149	135	116	113	102	96	39.20	26.60	309.50	337.30	341.20	354.70	359.00	353.70	341.00	284.20	250.60	231.50	265.10	286.70	309.20	325.90	343.90	323.90	325.20	341.60	335.20	282.30	267.60	272.70	278.50	291.80	299.40	300.90	284.20	290.70	20.73746363	-158.10467083	20.71297070	-158.11496280
20	14	07	03	06	45	57	30		162	155	148	144	140	133	127	126	119	109	104	100	97	94	92	87	79	74	74	68	59	54	52	52	51	48	46	42	38	36	71	23	8	-16	-24	25	-10	-30	-5	-33	-41	-19	-61	-90	-115	-104	-76	-109	-71	0	-38	-97	-128	-115	-148	-109	-113	-104	-79	-83	98	33	43	44	105	205	196	255	270	171	107	51	47	77	99	109	133	93	123	124	73	39	7	67	103	99	94	56	18	18	121	40	44	47	108	207	196	257	270	174	115	54	77	118	152	151	153	143	142	124	82	105	128	133	180	147	147	118	81	85	35.90	34.90	10.50	340.00	347.10	7.00	357.10	353.30	358.90	349.10	339.00	339.60	307.60	310.50	310.70	316.30	330.30	310.50	330.00	0.00	332.50	291.90	273.10	300.20	304.80	312.20	309.80	298.30	282.80	282.20	20.71292929	-158.11498116	20.68913014	-158.12531563
21	14	07	03	07	05	58	98		165	156	147	144	139	135	127	126	120	112	106	101	97	93	89	86	80	74	73	70	61	54	51	50	48	47	44	40	38	35	64	47	-10	-43	-39	48	27	-5	8	50	6	-33	-38	-56	-99	-155	-142	-135	-160	-81	-50	-127	-169	-150	-141	-108	-94	-98	-89	-79	119	86	77	57	121	235	196	259	222	181	141	93	72	34	59	49	97	110	117	128	107	83	81	99	119	116	97	54	27	42	135	98	78	71	127	240	198	259	222	188	141	99	81	66	115	163	172	174	198	151	118	152	187	180	185	158	135	112	93	89	28.30	28.70	352.60	323.00	342.10	11.50	7.80	358.90	2.10	15.40	2.40	340.50	332.20	301.30	300.80	287.50	304.30	309.20	306.20	327.70	335.00	303.20	295.60	303.40	310.20	317.00	315.90	298.90	286.90	298.00	20.68909200	-158.12533348	20.66634620	-158.13518884
22	14	07	03	07	25	53	77		163	152	147	142	136	132	126	124	118	112	108	103	98	93	89	83	75	72	72	66	58	52	48	47	48	47	42	38	36	33	7	-45	-76	-112	-64	28	-10	-40	0	25	62	6	5	-49	-66	-114	-129	-134	-132	-57	-49	-136	-168	-134	-54	-53	-49	-56	-48	-38	108	94	81	94	125	142	163	190	168	117	97	39	-31	-48	-24	-3	12	57	77	74	95	76	48	71	99	128	117	102	95	118	108	104	111	146	140	145	163	194	168	120	115	39	31	69	70	114	130	146	153	93	107	156	175	152	113	139	127	116	106	124	3.70	334.40	316.80	310.00	332.90	11.20	356.50	348.10	0.00	12.10	32.60	8.70	170.80	225.60	250.00	268.50	275.30	293.00	300.30	322.40	332.70	299.20	285.90	297.90	331.40	337.50	337.30	331.20	333.20	342.10	20.66630563	-158.13518498	20.64389032	-158.14490480
23	14	07	03	07	45	55	47		163	152	146	142	137	132	128	124	120	115	110	104	101	97	93	84	76	72	72	68	60	53	50	49	47	43	38	35	33	30	-75	-74	-81	-59	-55	-61	-72	-51	29	10	26	7	-16	-52	-86	-102	-118	-150	-162	-131	-126	-123	-142	-136	-108	-110	-127	-128	-117	-80	63	41	38	80	58	62	145	143	164	184	174	99	8	-35	-12	-13	-34	-13	8	-4	4	-3	22	27	61	79	79	92	87	112	98	85	89	99	80	87	162	152	167	184	176	99	18	63	87	103	123	151	162	131	126	123	144	139	124	135	150	158	146	138	310.00	299.00	295.10	323.60	316.50	315.50	333.60	340.40	10.00	3.10	8.50	4.00	296.60	236.10	262.10	262.70	253.90	265.00	272.80	268.30	271.80	268.60	278.80	281.20	299.50	305.70	301.90	305.70	306.60	324.50	20.64385168	-158.14491101	20.62315534	-158.15509083
24	14	07	03	08	05	57	19		167	156	150	144	140	132	127	124	122	114	110	105	101	97	91	81	76	74	75	73	64	57	51	50	47	42	36	32	28	27	-35	-10	-2	-1	-6	-69	-52	-14	57	58	65	73	39	-38	-70	-73	-47	-66	-66	-43	-10	-18	-25	-42	-43	-36	-44	-86	-75	-67	100	101	98	82	53	88	165	165	176	213	196	133	83	9	19	70	88	85	136	139	123	99	95	152	165	162	167	158	162	179	106	101	98	82	53	112	173	166	185	221	206	152	92	39	73	101	100	108	151	145	123	101	98	158	171	166	173	180	179	191	340.70	354.30	358.80	359.30	353.50	321.90	342.50	355.20	17.90	15.20	18.30	28.80	25.20	283.30	285.20	313.80	331.90	322.20	334.10	342.80	355.40	349.70	345.30	344.60	345.40	347.50	345.20	331.40	335.20	339.50	20.62312064	-158.15509401	20.60337882	-158.16564264
25	14	07	03	08	25	58	88		163	155	150	147	140	131	126	125	124	115	108	105	100	94	88	82	78	78	76	71	64	57	51	48	46	42	35	31	27	26	-74	-86	-67	-43	-57	-125	-123	-48	29	85	89	58	-1	-54	-96	-83	-60	-65	-85	-77	-94	-54	-54	-75	-58	-56	-69	-102	-130	-144	176	107	77	82	107	104	152	172	179	208	173	176	154	102	85	104	117	98	127	116	91	77	49	110	192	224	204	174	163	142	191	137	102	93	121	163	196	179	181	225	195	185	154	115	128	133	131	118	153	139	131	94	73	133	201	231	215	202	208	202	337.20	321.20	319.00	332.30	332.00	309.80	321.00	344.40	9.20	22.20	27.20	18.20	359.60	332.10	311.50	321.40	332.90	326.40	326.20	326.40	314.10	325.00	312.20	325.70	343.20	346.00	341.30	329.60	321.40	314.60	20.60336030	-158.16566016	20.58490318	-158.17614952
26	14	07	03	08	45	53	69		162	152	149	148	140	132	127	123	123	114	108	105	100	92	84	78	76	80	80	72	62	54	49	44	42	40	35	29	26	25	-102	-124	-135	-145	-135	-197	-206	-91	-63	4	28	-13	-26	-81	-113	-110	-98	-84	-80	-91	-89	-101	-105	-108	-87	-86	-76	-89	-140	-159	193	130	127	111	110	70	71	111	87	87	54	84	96	89	63	62	98	168	175	141	131	76	52	63	162	220	217	165	114	60	218	180	185	183	174	209	218	144	107	87	61	85	99	120	129	126	139	188	192	168	158	126	117	125	184	236	230	187	181	170	332.10	316.40	313.30	307.40	309.20	289.60	289.00	320.70	324.10	2.60	27.40	351.20	344.80	317.70	299.10	299.40	315.00	333.40	335.40	327.20	325.80	307.00	296.30	300.30	331.80	338.60	340.70	331.70	309.20	290.70	20.58487586	-158.17617400	20.56984065	-158.18498665
27	14	07	03	09	05	55	41		166	156	150	145	137	131	127	124	123	114	108	104	98	89	82	75	72	72	75	69	59	50	44	41	40	38	36	30	25	24	-151	-154	-193	-186	-200	-195	-211	-150	-89	-33	-16	-59	-125	-142	-170	-146	-104	-134	-125	-87	-81	-122	-127	-110	-86	-74	-72	-84	-129	-158	180	157	139	133	104	109	128	125	77	37	30	60	100	64	30	5	24	74	114	154	140	76	66	108	146	185	226	199	123	97	235	220	238	229	225	223	247	195	118	50	34	84	160	156	173	146	107	153	169	177	162	144	143	154	169	199	237	216	178	185	320.00	315.60	305.80	305.60	297.50	299.20	301.20	309.80	310.90	318.30	331.90	315.50	308.70	294.30	280.00	272.00	283.00	298.90	312.40	330.50	329.90	301.90	297.50	314.50	329.50	338.20	342.30	337.10	313.60	301.50	20.56981986	-158.18500131	20.55705716	-158.19472617
28	14	07	03	09	25	57	11		164	156	149	143	134	130	128	130	122	114	108	100	93	87	80	74	73	73	69	64	57	48	40	40	41	41	37	30	26	24	-179	-196	-199	-192	-231	-280	-229	-163	-135	-61	-74	-123	-160	-191	-187	-146	-99	-67	-124	-147	-135	-129	-133	-104	-93	-68	-39	-78	-82	-101	171	141	125	105	144	191	175	173	93	71	39	54	94	85	30	6	32	69	141	197	254	207	149	181	188	238	268	233	169	98	248	241	235	219	272	339	288	238	164	94	84	134	186	209	189	146	104	96	188	246	288	244	200	209	210	248	271	246	188	141	313.70	305.70	302.10	298.70	301.90	304.30	307.40	316.70	304.60	319.30	297.80	293.70	300.40	294.00	279.10	272.40	287.90	315.80	318.70	323.30	332.00	328.10	318.20	330.10	333.70	344.10	351.70	341.50	334.10	314.10	20.55703302	-158.19474570	20.54050030	-158.20503297
29	14	07	03	09	45	58	80		164	156	148	141	135	130	127	126	123	114	107	102	95	86	78	73	72	71	66	63	55	45	39	37	36	35	33	29	26	24	-222	-240	-263	-259	-283	-306	-289	-226	-174	-128	-98	-108	-144	-147	-165	-132	-94	-102	-172	-174	-140	-167	-181	-150	-139	-99	-88	-101	-115	-129	243	207	196	192	159	203	203	127	100	83	69	86	117	139	96	50	45	141	200	234	279	263	232	208	228	219	226	216	149	114	329	317	328	322	325	367	353	259	201	153	120	138	186	202	191	141	104	174	264	292	312	312	294	256	267	240	243	238	188	172	317.60	310.80	306.70	306.60	299.30	303.60	305.10	299.30	299.90	303.00	305.10	308.50	309.10	313.40	300.20	290.70	295.60	324.10	319.30	323.40	333.40	327.60	322.00	324.20	328.60	335.70	338.70	334.90	322.30	311.50	20.54046669	-158.20506298	20.51124746	-158.22535448
30	14	07	03	10	05	53	59		165	156	149	141	135	130	126	123	122	115	108	103	96	88	80	77	74	72	68	61	56	52	44	38	36	34	32	32	30	28	-257	-236	-220	-241	-293	-327	-293	-263	-217	-188	-135	-153	-157	-117	-116	-116	-99	-105	-118	-174	-190	-154	-154	-190	-168	-138	-105	-73	-61	-61	276	248	245	257	213	158	178	196	221	175	167	137	77	36	-32	-55	8	63	124	133	156	168	183	145	173	203	190	197	171	159	377	342	329	352	362	363	343	328	310	257	215	205	175	122	120	128	99	122	171	219	246	228	239	239	241	245	217	210	182	170	317.00	316.40	318.10	316.80	306.00	295.80	301.30	306.70	315.50	312.90	321.00	311.80	296.10	287.10	254.60	244.60	274.60	301.00	316.40	307.40	309.40	317.50	319.90	307.30	315.80	325.80	331.10	339.70	340.40	339.00	20.51117831	-158.22537904	20.47455417	-158.24757784
31	14	07	03	10	25	55	42		168	160	153	144	134	132	130	126	120	111	105	100	94	88	80	76	73	74	70	59	54	52	47	42	40	40	37	35	33	30	-264	-321	-330	-296	-348	-308	-303	-289	-247	-285	-289	-226	-231	-191	-203	-198	-187	-173	-151	-197	-212	-173	-141	-133	-125	-105	-115	-119	-89	-68	237	245	266	189	151	185	155	171	229	140	153	172	42	-3	-25	-33	-15	23	45	65	102	156	159	146	116	124	128	104	141	128	355	404	424	351	379	359	340	336	337	318	327	284	235	191	205	201	188	175	158	207	235	233	213	197	171	162	172	158	167	145	311.90	307.40	308.90	302.60	293.50	301.00	297.10	300.60	312.80	296.20	297.90	307.30	280.30	269.10	263.00	260.50	265.40	277.60	286.60	288.30	295.70	312.00	318.40	317.70	312.90	319.70	318.10	311.20	327.70	332.00	20.47449198	-158.24761053	20.43595232	-158.26595348
32	14	07	03	10	45	57	13		167	158	150	142	134	132	132	125	114	108	105	100	94	87	80	79	81	76	68	58	52	50	48	46	42	40	37	32	31	30	-275	-322	-323	-302	-284	-310	-325	-340	-311	-287	-306	-258	-240	-225	-237	-209	-178	-164	-182	-234	-241	-199	-125	-101	-100	-94	-81	-109	-117	-80	211	218	242	232	196	213	252	281	221	191	183	149	67	-10	-16	17	72	89	108	120	150	202	222	196	170	153	138	113	109	119	347	389	404	381	345	376	411	441	382	345	357	298	249	225	238	210	192	187	212	263	284	284	255	220	197	180	160	157	160	143	307.50	304.10	306.80	307.50	304.60	304.50	307.80	309.60	305.40	303.60	300.90	300.00	285.60	267.50	266.10	274.70	292.00	298.50	300.70	297.10	301.90	315.40	330.60	332.70	329.50	328.40	329.60	316.00	313.00	326.10	20.43582701	-158.26600268	20.39754954	-158.28460649
33	14	07	03	11	05	58	81		164	156	152	148	141	136	134	126	117	111	105	98	93	89	82	79	82	80	68	56	52	52	50	44	40	35	31	29	29	30	-273	-269	-314	-316	-312	-339	-332	-332	-332	-277	-256	-265	-211	-204	-204	-193	-145	-131	-140	-198	-142	-76	-29	-6	-36	-16	-22	-53	-31	-21	255	229	204	215	246	260	309	305	297	235	154	91	45	-27	-35	28	79	105	103	100	150	197	217	216	190	213	185	140	116	106	374	353	374	382	397	427	454	451	445	363	299	280	216	206	207	195	165	168	174	222	207	211	219	216	193	214	186	150	120	108	313.00	310.40	303.00	304.20	308.30	307.50	312.90	312.60	311.80	310.30	301.00	289.00	282.00	262.50	260.30	278.30	298.60	308.70	306.30	296.80	316.60	338.90	352.40	358.40	349.30	355.70	353.20	339.30	345.00	348.80	20.39749280	-158.28465502	20.36207397	-158.30652483
34	14	07	03	11	25	53	61		166	159	155	150	142	135	129	123	118	114	108	102	95	89	82	75	74	74	69	58	53	51	49	44	38	34	32	30	29	28	-255	-248	-242	-211	-266	-331	-352	-350	-353	-275	-204	-220	-210	-194	-165	-200	-164	-123	-117	-100	-76	-26	6	31	-33	-30	-29	-45	-41	-41	298	293	267	266	313	324	343	318	276	242	205	200	136	87	48	37	98	133	106	92	134	151	173	176	176	146	108	74	101	106	392	384	360	340	411	463	491	473	448	366	289	297	250	213	172	203	191	181	158	136	154	153	173	179	179	149	112	87	109	114	319.40	319.80	317.80	321.60	319.60	314.40	314.30	312.30	308.00	311.30	315.10	312.30	302.90	294.20	286.20	280.50	300.90	317.20	312.20	312.60	330.40	350.20	2.00	10.00	349.40	348.40	345.00	328.70	337.90	338.90	20.36200969	-158.30656179	20.32552167	-158.32553566
35	14	07	03	11	45	55	31		166	160	157	150	142	137	133	127	121	117	111	104	95	86	80	72	68	69	63	54	51	49	44	38	35	35	35	34	31	29	-147	-168	-178	-175	-195	-275	-326	-317	-285	-206	-186	-186	-215	-250	-240	-231	-209	-139	-82	-87	-71	-47	-66	-67	-86	-79	-68	-42	-61	-96	356	330	292	296	301	320	355	326	294	234	201	206	199	106	44	44	65	92	111	142	166	190	172	108	32	12	33	72	103	75	385	370	342	344	359	422	482	455	409	312	274	278	293	272	244	235	219	167	138	167	181	196	184	127	92	80	76	83	120	122	337.60	333.00	328.60	329.40	327.10	319.30	317.40	315.80	315.90	318.60	317.20	317.90	312.80	293.00	280.40	280.80	287.30	303.50	323.50	328.50	336.80	346.10	339.00	328.20	290.40	278.60	295.90	329.70	329.40	308.00	20.32546685	-158.32557849	20.29018063	-158.34189001
36	14	07	03	12	05	57	00		166	160	158	154	147	141	136	131	124	116	108	101	94	84	80	79	73	68	69	63	53	48	43	39	37	36	34	31	28	30	58	-2	-115	-136	-120	-127	-50	-60	-110	-140	-130	-173	-223	-280	-254	-227	-223	-166	-59	-20	-65	-69	-39	-75	-64	-18	17	10	-11	-20	462	424	366	340	320	290	236	204	165	149	167	187	172	113	56	37	54	58	63	129	170	203	199	151	72	40	71	111	100	79	466	424	384	366	342	317	241	213	198	204	212	255	282	302	260	230	229	176	86	131	182	214	203	169	96	44	73	111	101	81	7.20	359.70	342.60	338.20	339.40	336.30	348.00	343.60	326.30	316.80	322.10	317.20	307.60	292.00	282.40	279.30	283.60	289.30	316.90	351.20	339.10	341.20	348.90	333.60	318.40	335.80	13.50	5.10	353.70	345.80	20.29005499	-158.34192487	20.25542415	-158.35937700
37	14	07	03	12	25	58	78		165	159	157	154	147	138	136	134	125	114	106	100	93	87	84	79	76	72	70	65	54	46	41	38	36	32	30	29	30	34	209	186	78	37	11	20	66	119	73	4	-32	-88	-125	-148	-148	-184	-171	-98	-32	0	-59	-70	-93	-64	-83	-71	-62	-31	-37	32	445	438	401	383	357	369	308	265	251	279	287	249	211	137	110	69	87	141	161	174	176	218	238	187	160	143	141	134	145	148	492	476	409	385	357	370	315	290	261	279	289	264	245	202	184	197	192	172	164	174	186	229	256	198	180	160	154	138	150	151	25.20	23.00	11.00	5.50	1.80	3.10	12.10	24.20	16.20	0.80	353.60	340.50	329.40	312.80	306.60	290.60	297.00	325.20	348.80	0.00	341.50	342.20	338.70	341.10	332.60	333.60	336.30	347.00	345.70	12.20	20.25536237	-158.35940902	20.21990650	-158.37585079
38	14	07	03	12	45	53	56		165	160	156	151	146	139	133	132	126	116	108	103	96	91	83	77	74	72	66	57	48	43	40	37	36	33	31	28	28	31	274	217	131	64	58	65	66	147	167	16	-22	-34	-50	-67	-104	-144	-137	-91	-61	-62	-124	-161	-158	-153	-154	-136	-114	-102	-77	-38	447	410	351	300	214	218	216	204	166	165	185	202	111	40	54	70	114	122	121	125	110	133	134	90	63	32	44	71	97	112	524	464	375	307	222	227	226	251	235	166	186	205	122	78	117	160	178	152	136	140	166	209	207	178	166	140	122	124	124	118	31.50	27.90	20.50	12.00	15.20	16.60	17.00	35.80	45.20	5.50	353.20	350.40	335.80	300.80	297.40	295.90	309.80	323.30	333.20	333.60	311.60	309.60	310.30	300.50	292.20	283.20	291.10	304.80	321.60	341.30	20.21985420	-158.37589346	20.18417646	-158.39092447
39	14	07	03	13	05	55	25		165	160	155	150	145	141	135	131	125	115	108	103	97	91	84	78	74	70	63	54	48	44	41	38	35	32	31	31	32	32	285	288	215	179	118	96	126	186	173	76	9	8	26	36	-7	-58	-60	-90	-95	-124	-159	-162	-172	-141	-149	-140	-94	-56	-30	19	327	321	308	276	253	250	270	323	322	205	198	256	192	142	121	152	142	165	183	176	203	180	154	132	71	63	41	53	115	141	434	431	376	329	279	268	298	373	366	219	198	256	194	146	121	163	154	188	206	215	258	242	231	193	165	154	103	77	119	142	41.10	41.90	34.90	33.00	25.00	21.00	25.00	29.90	28.20	20.30	2.60	1.80	7.70	14.20	356.70	339.10	337.10	331.40	332.60	324.80	321.90	318.00	311.80	313.10	295.50	294.20	293.60	313.40	345.40	7.70	20.18411670	-158.39093646	20.14467037	-158.40430719
40	14	07	03	13	25	56	97		165	161	154	148	141	135	131	126	121	114	107	100	91	84	83	79	76	68	61	56	50	47	43	39	36	34	34	34	34	33	302	300	260	211	170	171	174	115	96	78	23	-26	-60	-60	-29	-68	-115	-122	-148	-156	-172	-199	-193	-158	-137	-105	-82	-43	-29	26	232	205	205	219	280	304	310	293	304	276	261	253	164	112	143	163	171	228	235	224	235	199	156	125	109	98	85	92	148	155	381	363	331	304	328	349	355	315	319	287	262	254	175	127	146	177	206	259	278	273	291	281	248	201	175	144	118	102	151	157	52.50	55.70	51.70	43.90	31.30	29.40	29.30	21.40	17.50	15.80	5.00	354.10	339.90	331.80	348.50	337.40	326.10	331.80	327.80	325.10	323.80	315.00	308.90	308.30	308.50	313.00	316.00	334.90	348.90	9.50	20.14453886	-158.40436150	20.10423532	-158.41842717
41	14	07	03	13	45	58	67		162	158	151	143	138	133	124	121	117	110	105	101	95	89	84	83	82	73	63	56	52	49	45	42	38	36	34	34	33	30	234	244	218	138	135	161	105	90	81	47	-11	-50	-69	-95	-117	-90	-78	-118	-141	-143	-116	-87	-116	-127	-83	-61	-45	-17	0	2	256	204	200	307	327	273	244	317	323	258	239	250	219	164	150	152	181	143	110	124	137	148	153	119	113	132	132	147	145	146	347	318	296	337	354	317	266	330	333	262	239	255	230	190	190	177	197	185	179	189	180	172	192	174	140	145	139	148	145	146	42.40	50.10	47.50	24.20	22.40	30.50	23.30	15.80	14.10	10.30	357.40	348.70	342.50	329.90	322.00	329.40	336.70	320.50	308.00	310.90	319.70	329.60	322.80	313.10	323.70	335.20	341.20	353.40	0.00	0.80	20.10417187	-158.41845433	20.06465354	-158.43325049
42	14	07	03	14	05	53	48		163	157	150	145	138	132	126	122	116	110	105	102	97	91	86	82	80	75	68	60	54	50	46	44	42	40	38	36	35	31	172	144	121	87	104	78	21	-3	28	-29	-29	-57	-83	-106	-93	-64	-65	-100	-131	-155	-156	-103	-85	-103	-92	-70	-45	-37	-49	-49	224	214	241	224	203	187	254	322	305	202	163	184	202	189	222	191	177	151	134	80	54	87	110	109	105	121	141	154	136	109	282	258	270	240	228	203	255	322	306	204	166	193	218	217	241	201	189	181	187	174	165	135	139	150	140	140	148	158	145	120	37.50	33.90	26.70	21.20	27.10	22.60	4.70	359.50	5.20	351.80	349.90	342.80	337.70	330.70	337.30	341.50	339.80	326.50	315.60	297.30	289.10	310.20	322.30	316.60	318.80	330.00	342.30	346.50	340.20	335.80	20.06458665	-158.43327085	20.02436852	-158.44681702
43	14	07	03	14	25	55	17		163	156	149	144	137	128	123	120	117	111	107	104	99	94	91	86	77	71	65	60	54	50	47	44	41	38	38	37	34	31	115	106	95	58	52	33	1	37	-27	-40	-46	-43	-44	-46	-32	-36	-62	-77	-108	-106	-112	-102	-44	-43	-2	-47	-46	-42	-45	-62	259	261	264	290	268	261	269	327	353	297	245	193	197	211	209	201	178	147	140	95	37	44	88	101	128	104	96	84	74	66	283	282	281	296	273	263	269	329	354	300	249	198	202	216	211	204	188	166	177	142	118	111	98	110	128	114	106	94	87	91	23.90	22.10	19.80	11.30	11.00	7.20	0.20	6.50	355.60	352.30	349.40	347.40	347.40	347.70	351.30	349.80	340.80	332.40	322.40	311.90	288.30	293.30	333.40	336.90	359.10	335.70	334.40	333.40	328.70	316.80	20.02430029	-158.44683219	19.98514683	-158.46206764
44	14	07	03	14	45	56	86		162	155	147	140	136	130	121	118	116	112	108	103	100	97	88	81	76	71	65	61	58	55	52	49	46	44	42	39	36	34	-67	-54	-75	-105	-62	-52	-118	-74	-31	-44	-47	-44	-49	-38	-76	-74	-64	-70	-122	-118	-115	-100	-78	-105	-135	-127	-155	-117	-96	-92	346	323	338	406	418	370	327	334	355	308	216	183	213	254	218	166	108	69	20	0	17	73	86	115	126	122	49	46	75	75	352	327	346	419	423	374	348	342	356	311	221	188	219	257	231	182	126	98	124	118	116	124	116	156	185	176	163	126	122	119	349.00	350.50	347.50	345.50	351.60	352.00	340.20	347.50	355.00	351.90	347.70	346.50	347.00	351.50	340.80	336.00	329.30	314.60	279.30	270.00	278.40	306.10	317.80	317.60	313.00	313.80	287.50	291.50	308.00	309.20	19.98503284	-158.46215137	19.95296535	-158.47614035
45	14	07	03	15	05	58	58		160	153	145	138	132	127	120	114	112	108	103	100	98	93	86	81	77	74	70	66	63	61	58	57	55	53	51	48	46	43	-27	-21	-31	-62	-57	4	-46	4	11	-12	22	-14	-22	-36	-36	-15	-32	-34	-41	-50	-33	-14	-20	-28	-47	-63	-59	-55	-32	-12	410	390	390	427	437	395	342	319	323	241	147	132	169	170	140	107	64	24	5	-17	27	41	78	110	100	78	43	-9	-4	33	411	391	391	431	441	395	345	319	323	241	149	133	170	174	145	108	72	42	41	53	43	43	81	114	110	100	73	56	32	35	356.20	356.90	355.50	351.70	352.60	0.60	352.30	0.70	2.00	357.10	8.50	353.90	352.60	348.00	345.60	352.00	333.40	305.20	277.00	251.20	309.30	341.10	345.60	345.70	334.80	321.10	306.10	260.70	262.90	340.00	19.95294004	-158.47615653	19.93800852	-158.48510480
46	14	07	03	15	25	53	36		161	152	143	137	130	123	114	110	106	102	98	94	92	89	82	76	71	68	65	63	61	60	60	59	58	56	52	50	48	46	-9	-26	-16	-71	-68	-51	-89	-49	-18	0	-5	-63	-42	-7	9	5	-9	-41	-33	-23	-16	-2	16	32	20	-10	-9	6	6	14	481	488	504	494	458	430	375	344	299	226	154	141	168	161	120	104	51	50	55	41	62	66	73	103	131	141	112	63	42	80	481	489	504	499	463	433	385	347	300	226	154	154	173	161	120	104	52	65	64	47	64	66	75	108	133	141	112	63	42	81	358.90	357.00	358.20	351.80	351.60	353.20	346.60	351.90	356.60	0.00	358.10	335.90	346.00	357.50	4.30	2.80	350.00	320.60	329.00	330.70	345.50	358.30	12.40	17.30	8.70	355.90	355.40	5.40	8.10	9.90	19.93797817	-158.48513782	19.91962080	-158.49567865
47	14	07	03	15	45	55	06		161	154	142	134	128	121	111	105	101	99	94	88	83	80	77	76	73	70	67	63	59	56	53	52	54	56	55	52	49	46	19	18	-29	-14	-25	-32	-37	-3	-25	5	23	17	-7	29	75	89	58	24	-1	9	16	35	76	70	47	-4	-22	6	28	31	518	530	559	547	520	529	442	409	436	437	375	286	262	241	217	144	114	123	114	86	104	90	79	95	116	145	172	123	86	107	518	530	560	547	521	530	444	409	437	437	376	287	262	243	230	169	128	125	114	86	105	97	110	118	125	145	173	123	90	111	2.10	1.90	357.00	358.50	357.20	356.50	355.20	359.60	356.70	0.70	3.50	3.40	358.50	6.90	19.10	31.70	27.00	11.00	359.50	6.00	8.70	21.30	43.90	36.40	22.10	358.40	352.70	2.80	18.00	16.20	19.91959632	-158.49569516	19.90386819	-158.50588337
48	14	07	03	16	05	56	75		161	154	142	132	126	123	114	104	102	98	91	88	80	72	67	64	64	60	57	56	55	54	54	52	51	51	50	48	45	42	54	39	17	-38	-13	-24	7	-16	51	39	13	55	55	30	24	30	29	16	7	-17	-17	40	64	62	9	-41	-72	-33	-42	-28	456	466	497	501	470	549	513	379	443	459	436	399	340	241	191	128	79	87	129	129	98	55	39	51	96	134	139	85	60	74	459	468	497	502	470	550	513	379	446	461	436	403	344	243	193	131	84	88	129	130	99	68	75	80	96	140	157	91	73	79	6.80	4.80	2.00	355.70	358.40	357.50	0.80	357.60	6.60	4.90	1.70	7.80	9.20	7.10	7.20	13.20	20.20	10.40	3.10	352.50	350.20	36.00	58.60	50.60	5.40	343.00	332.60	338.80	325.00	339.30	19.90382636	-158.50591631	19.88855168	-158.51474086
49	14	07	03	16	25	58	45		164	151	141	136	132	126	112	102	101	100	89	83	81	71	63	59	58	57	52	46	43	42	44	45	46	49	51	50	46	43	-45	-71	-72	-103	-82	-111	-141	-108	-21	48	14	6	27	1	-29	-42	-24	-5	-9	-9	0	2	23	-27	-61	-129	-138	-123	-106	-106	386	425	483	481	460	513	451	368	424	451	404	386	374	314	189	131	91	107	151	155	129	105	87	94	90	82	58	60	48	47	389	431	488	492	467	525	473	384	425	454	404	386	375	314	191	138	94	107	151	155	129	105	90	98	109	153	150	137	116	116	353.40	350.50	351.50	347.90	349.90	347.80	342.60	343.60	357.20	6.10	2.00	0.90	4.10	0.20	351.30	342.20	345.20	357.30	356.60	356.70	0.00	1.10	14.80	344.00	325.90	302.40	292.80	296.00	294.40	293.90	19.88849016	-158.51476215	19.85305198	-158.53072800
50	14	07	03	16	45	53	30		160	148	145	144	139	128	113	104	101	98	89	85	76	65	58	55	54	50	45	42	39	37	36	37	37	38	39	40	40	37	-136	-92	-89	-45	-81	-171	-189	-115	1	53	-2	0	52	1	-63	-64	-52	-12	-14	-25	-14	-13	-4	-13	-76	-123	-168	-151	-141	-93	427	522	552	515	477	423	369	385	402	380	357	365	343	258	160	86	53	66	101	123	112	140	136	113	108	68	74	46	32	14	448	530	559	517	484	456	415	402	402	384	357	365	347	258	172	107	74	67	102	126	113	141	136	114	132	141	184	158	145	94	342.30	350.00	350.80	355.00	350.40	338.00	332.90	343.40	0.10	7.90	359.70	0.00	8.60	0.20	338.50	323.30	315.50	349.70	352.10	348.50	352.90	354.70	358.30	353.40	324.90	298.90	293.80	286.90	282.80	278.60	19.85298970	-158.53075180	19.81973349	-158.54935946
51	14	07	03	17	05	55	02		160	148	149	147	136	124	114	106	101	98	90	84	77	67	61	58	52	45	40	36	33	30	31	32	34	36	39	40	41	39	-86	-53	-51	-2	-56	-122	-153	-86	8	87	34	32	71	16	-40	-49	-40	-60	-55	-40	-63	-97	-102	-59	-69	-87	-76	-56	-68	-78	553	647	663	600	535	451	445	443	438	393	339	379	379	314	224	147	98	84	102	93	80	90	85	112	136	152	125	105	96	81	560	649	665	600	538	467	471	451	438	403	341	380	386	314	228	155	106	103	116	101	102	132	133	127	153	175	146	119	118	112	351.20	355.30	355.60	359.80	354.00	344.90	341.00	349.00	1.00	12.50	5.70	4.80	10.60	2.90	349.90	341.60	337.80	324.50	331.70	336.70	321.80	312.90	309.80	332.20	333.10	330.20	328.70	331.90	324.70	316.10	19.81967448	-158.54937849	19.78927835	-158.56704335
52	14	07	03	17	25	56	73		159	149	148	144	132	122	115	110	105	103	97	92	86	76	70	66	61	48	38	34	29	28	28	28	31	33	35	36	36	36	-184	-156	-106	-77	-17	-57	-126	-85	-53	-7	24	38	29	-63	-105	-89	-62	-57	-21	-24	-11	-11	-25	-15	-63	-76	-70	-84	-84	-96	572	618	624	573	503	473	428	416	369	349	311	331	307	252	250	213	194	153	114	78	70	76	92	80	84	108	126	108	100	88	601	637	633	578	503	476	446	425	373	349	312	333	308	260	271	231	204	163	116	82	71	77	95	81	105	132	144	137	131	130	342.20	345.80	350.40	352.30	358.10	353.10	343.60	348.50	351.80	358.90	4.40	6.50	5.40	346.00	337.20	337.30	342.30	339.60	349.60	342.90	351.10	351.80	344.80	349.40	323.10	324.90	330.90	322.10	320.00	312.50	19.78917081	-158.56713764	19.75568519	-158.58587899
53	14	07	03	17	45	58	44		161	151	145	142	134	124	116	111	106	104	99	94	89	82	74	73	74	67	52	43	35	30	26	24	25	26	29	31	32	33	-226	-189	-136	-74	-35	46	1	2	-21	60	42	44	55	18	-30	-46	-48	-62	-70	-51	18	56	79	81	82	48	-40	-70	-78	-90	559	548	579	621	550	479	430	401	383	337	332	340	350	317	245	223	244	218	195	179	164	163	154	129	112	106	113	122	135	166	603	580	595	625	551	481	430	401	384	342	335	343	354	318	247	228	249	227	207	186	165	172	173	152	139	116	120	141	156	189	338.00	341.00	346.80	353.20	356.40	5.50	0.10	0.30	356.90	10.10	7.20	7.40	8.90	3.20	353.00	348.30	348.90	344.10	340.30	344.10	6.30	19.00	27.20	32.10	36.20	24.40	340.50	330.20	330.00	331.50	19.75562987	-158.58591646	19.72070164	-158.60501898
54	14	07	03	18	05	53	22		160	149	143	141	136	129	120	113	107	100	98	93	85	76	69	66	66	63	54	42	34	29	26	23	22	22	22	24	28	29	-210	-168	-110	-71	-29	7	-21	-36	-68	-44	39	33	32	36	21	16	-32	-85	-105	-96	-39	-16	47	74	57	18	-24	-119	-123	-153	543	547	609	657	580	539	454	406	398	379	354	340	359	349	310	269	239	244	269	225	213	183	171	131	85	80	65	72	104	139	582	572	619	661	581	539	454	408	404	382	356	342	360	351	311	269	241	258	289	245	217	184	177	150	102	82	69	139	161	207	338.90	342.90	349.80	353.80	357.10	0.70	357.40	354.90	350.30	353.40	6.30	5.50	5.10	5.90	3.90	3.40	352.40	340.80	338.70	336.90	349.60	355.00	15.40	29.50	33.80	12.70	339.70	301.20	310.20	312.30	19.72063785	-158.60504430	19.68602713	-158.62535801
55	14	07	03	18	25	54	92		162	150	140	139	136	132	126	118	110	103	98	92	80	70	64	63	62	56	48	40	35	30	27	24	23	23	24	27	29	31	-187	-101	-21	32	-48	-67	-47	-58	-60	-101	-81	-61	-75	-56	-84	-97	-184	-236	-192	-153	-133	-63	-30	-15	-23	-114	-178	-223	-270	-269	538	541	619	610	531	502	426	379	387	396	345	313	310	265	257	245	244	245	239	239	234	179	196	139	103	83	73	86	107	137	570	550	619	611	533	506	429	383	392	409	354	319	319	271	270	264	306	340	307	284	269	190	198	140	106	141	192	239	290	302	340.80	349.40	358.10	3.00	354.80	352.40	353.70	351.30	351.20	345.70	346.80	349.00	346.40	348.10	341.90	338.40	323.00	316.10	321.20	327.40	330.40	340.60	351.30	353.80	347.40	306.10	292.30	291.10	291.60	297.00	19.68597064	-158.62539497	19.65258753	-158.64010437
56	14	07	03	18	45	56	66		158	146	140	138	134	126	121	116	110	104	99	92	81	75	77	78	70	61	56	50	46	42	37	34	31	29	29	30	30	32	-127	-42	52	42	-89	-168	-159	-139	-158	-143	-165	-122	-100	-107	-108	-128	-172	-219	-191	-162	-139	-122	-96	-56	-55	-47	-129	-178	-159	-140	523	500	508	535	493	424	394	364	396	377	339	281	216	173	209	231	242	229	234	224	239	236	223	239	229	181	120	132	154	190	538	502	511	537	501	456	425	390	426	403	377	306	238	203	235	264	297	317	302	276	276	266	243	245	236	187	176	222	221	236	346.40	355.20	5.80	4.50	349.80	338.40	338.00	339.10	338.20	339.20	334.00	336.50	335.20	328.30	332.70	331.00	324.60	316.30	320.80	324.10	329.80	332.70	336.70	346.80	346.50	345.40	312.90	306.60	314.10	323.60	19.65247546	-158.64019616	19.61982837	-158.65961904
57	14	07	03	19	05	58	34		160	148	148	145	134	124	120	116	109	104	101	94	87	82	77	72	68	60	54	49	43	36	32	29	28	28	30	34	36	36	-136	-48	87	63	-28	-88	-87	-90	-130	-136	-169	-170	-124	-101	-75	-131	-163	-174	-188	-191	-163	-149	-139	-102	-52	-91	-86	-98	-95	-90	486	469	511	532	492	395	372	378	421	401	385	342	276	193	172	176	184	174	168	168	179	206	194	189	180	146	112	116	127	153	505	471	518	536	493	405	382	389	441	423	420	382	303	218	188	219	246	246	252	254	242	254	239	215	187	172	141	152	159	178	344.40	354.20	9.70	6.80	356.70	347.40	346.80	346.60	342.80	341.30	336.30	333.60	335.80	332.40	336.40	323.30	318.50	315.00	311.80	311.30	317.70	324.10	324.40	331.60	343.90	328.10	322.50	319.80	323.20	329.50	19.61977120	-158.65964485	19.58689897	-158.67908282
58	14	07	03	19	25	53	16		160	150	149	142	130	124	121	116	110	106	104	101	99	94	88	78	68	60	55	51	46	41	38	36	34	34	33	33	34	32	-140	-47	117	97	21	-69	-82	-102	-122	-136	-156	-127	-93	-117	-117	-157	-230	-273	-259	-266	-258	-227	-182	-147	-100	-72	-97	-135	-143	-134	433	418	461	464	428	364	325	307	379	406	393	361	339	290	287	265	233	184	156	164	194	195	222	216	244	225	174	169	174	199	455	421	476	474	429	370	335	324	398	428	423	383	352	313	310	308	327	329	302	312	323	299	287	261	264	236	199	216	225	240	342.10	353.60	14.20	11.80	2.80	349.30	345.80	341.60	342.20	341.50	338.30	340.60	344.70	338.00	337.80	329.40	315.40	304.00	301.10	301.70	306.90	310.70	320.70	325.80	337.70	342.30	330.90	321.40	320.60	326.00	19.58684382	-158.67912431	19.55115653	-158.69718899
59	14	07	03	19	45	55	06		160	154	150	140	129	123	121	117	112	107	103	102	102	100	96	90	81	72	62	52	46	42	40	39	38	36	33	32	31	32	-163	-17	116	94	-54	-125	-90	-101	-138	-185	-201	-200	-195	-189	-234	-222	-279	-327	-305	-306	-290	-258	-220	-183	-137	-124	-169	-206	-191	-171	375	374	433	474	419	359	356	370	350	395	385	387	343	305	283	255	248	224	212	188	198	203	234	237	217	182	196	181	186	203	409	374	448	483	422	380	367	384	376	436	434	436	395	359	367	338	373	396	371	359	351	328	321	299	257	220	259	274	267	265	336.50	357.40	15.00	11.20	352.70	340.80	345.80	344.70	338.50	334.90	332.40	332.70	330.40	328.20	320.40	319.00	311.60	304.40	304.80	301.60	304.30	308.20	316.80	322.30	327.70	325.70	319.20	311.30	314.20	319.90	19.55110104	-158.69722964	19.51478049	-158.71659100
60	14	07	03	20	05	56	80		160	153	146	137	129	122	117	113	108	103	102	100	96	90	83	80	79	74	64	54	48	45	44	42	40	37	34	32	32	31	-308	-168	-54	-55	-144	-177	-109	-105	-138	-143	-155	-155	-142	-158	-143	-197	-256	-298	-279	-259	-231	-214	-190	-173	-116	-108	-117	-172	-175	-173	325	339	355	433	410	396	364	381	367	397	369	364	354	299	321	292	240	234	227	194	185	210	227	228	201	158	120	82	128	178	448	378	359	436	435	434	380	395	392	422	400	396	381	338	351	352	351	379	360	324	296	300	296	286	232	191	168	191	217	248	316.50	333.60	351.40	352.80	340.60	335.90	343.30	344.60	339.40	340.20	337.20	336.90	338.10	332.10	336.00	326.00	313.20	308.10	309.10	306.80	308.70	314.50	320.10	322.80	330.00	325.60	315.70	295.50	306.20	315.80	19.51471671	-158.71661581	19.47813967	-158.73689365
61	14	07	03	20	25	58	53		160	150	147	138	128	122	116	110	106	102	100	95	88	82	78	77	74	68	61	54	49	45	41	38	35	33	31	31	31	32	-329	-278	-195	-169	-237	-250	-150	-175	-184	-145	-118	-90	-98	-64	-87	-130	-152	-200	-170	-164	-158	-156	-141	-107	-98	-108	-166	-183	-184	-157	279	293	247	262	275	299	324	327	337	334	316	299	297	326	342	331	327	313	305	262	222	217	247	257	237	187	140	122	133	163	431	404	315	312	363	390	357	371	384	364	337	312	313	332	353	356	361	371	349	309	272	267	284	278	256	216	217	220	227	226	310.30	316.50	321.70	327.20	319.20	320.10	335.20	331.80	331.40	336.50	339.50	343.20	341.70	348.90	345.70	338.60	335.10	327.40	330.90	328.00	324.60	324.30	330.30	337.40	337.50	330.00	310.10	303.70	305.90	316.10	19.47802970	-158.73699197	19.45073814	-158.75345335
62	14	07	03	20	45	53	31		160	147	147	144	133	123	116	110	104	101	100	96	87	81	77	74	70	64	58	53	49	46	44	41	39	35	31	28	27	28	-323	-258	-200	-124	-162	-225	-178	-163	-201	-197	-143	-127	-132	-121	-81	-129	-192	-198	-180	-146	-155	-178	-171	-144	-149	-147	-171	-184	-136	-162	347	341	264	268	287	337	377	381	345	364	359	323	326	332	343	361	393	375	363	315	288	291	293	276	266	257	254	242	248	245	474	428	331	295	330	405	417	414	399	414	386	347	352	353	352	383	437	424	405	347	327	341	339	311	305	296	306	304	283	294	317.10	322.90	322.90	335.20	330.60	326.30	334.70	336.80	329.80	331.60	338.30	338.50	338.00	340.00	346.70	340.30	334.00	332.20	333.60	335.10	331.70	328.50	329.70	332.40	330.70	330.20	326.10	322.80	331.30	326.50	19.45070470	-158.75347883	19.43132767	-158.76577064
63	14	07	03	21	05	55	14		160	148	147	145	134	124	116	109	106	106	105	102	97	92	86	81	80	76	68	58	52	47	43	40	39	37	32	28	27	26	-278	-249	-171	-150	-219	-213	-193	-228	-247	-181	-130	-119	-126	-115	-93	-105	-128	-149	-151	-124	-134	-131	-158	-173	-167	-163	-161	-134	-101	-89	365	354	230	269	345	412	371	368	344	341	324	318	335	380	402	395	387	416	382	363	296	284	286	268	262	255	295	299	299	274	459	433	287	308	409	464	418	433	423	386	349	340	358	397	413	409	408	442	411	384	325	313	327	319	311	303	336	328	316	288	322.70	324.90	323.40	330.90	327.60	332.70	332.50	328.20	324.30	332.00	338.10	339.50	339.40	343.20	347.00	345.10	341.70	340.30	338.40	341.10	335.60	335.20	331.10	327.20	327.50	327.40	331.40	335.90	341.30	342.00	19.43128902	-158.76579269	19.41022631	-158.77956164
64	14	07	03	21	25	56	86		161	149	144	143	134	125	119	112	104	101	100	100	98	92	84	78	73	67	58	52	46	42	39	37	36	35	32	28	26	28	-265	-239	-175	-174	-217	-192	-159	-217	-220	-239	-196	-185	-183	-183	-140	-138	-158	-165	-170	-145	-89	-97	-119	-145	-115	-93	-113	-121	-103	-60	362	336	214	211	314	332	309	299	261	227	239	223	221	270	325	339	326	283	283	262	236	207	170	170	182	186	198	222	233	217	449	412	276	273	382	384	348	369	341	330	309	290	287	326	354	366	362	328	330	299	252	229	208	223	215	208	228	253	255	225	323.80	324.60	320.70	320.50	325.40	330.00	332.80	324.00	319.90	313.50	320.60	320.30	320.40	325.90	336.70	337.80	334.10	329.80	329.00	331.00	339.30	334.90	325.00	319.50	327.70	333.40	330.30	331.40	336.20	344.50	19.41019353	-158.77959249	19.39134230	-158.79357551
65	14	07	03	21	45	58	55		162	149	141	140	133	124	119	112	105	100	98	96	93	86	78	73	71	67	61	53	46	41	38	35	35	36	35	32	29	28	-216	-221	-208	-214	-269	-200	-138	-126	-143	-176	-200	-191	-186	-142	-94	-80	-61	-98	-129	-138	-104	-67	-103	-135	-124	-127	-124	-121	-120	-94	315	329	300	215	270	318	282	247	228	234	249	241	269	331	336	330	310	266	240	264	258	188	155	135	125	108	111	110	107	111	382	396	365	303	381	376	314	277	269	293	319	308	327	360	349	340	316	283	272	298	278	200	186	191	176	167	166	164	161	145	325.60	326.10	325.30	315.10	315.10	327.80	333.90	333.00	327.90	323.10	321.20	321.60	325.30	336.80	344.40	346.40	348.90	339.80	331.70	332.40	338.00	340.40	326.40	315.00	315.20	310.40	311.80	312.30	311.70	319.70	19.39130718	-158.79359270	19.37242585	-158.80537103
66	14	07	03	22	05	53	38		164	151	141	135	138	131	121	115	108	100	94	92	92	90	84	79	76	70	63	54	46	38	33	32	31	31	30	29	28	28	-127	-128	-156	-148	-215	-193	-88	-50	-28	-102	-152	-172	-166	-165	-110	-65	-70	-113	-146	-182	-160	-117	-111	-115	-83	-62	-103	-98	-93	-55	513	502	487	362	202	240	325	268	236	216	275	302	292	328	343	334	346	290	273	287	284	245	202	206	177	179	188	176	171	165	528	518	511	391	295	308	337	273	238	239	314	348	336	367	360	340	353	311	310	340	326	272	230	236	195	189	214	201	195	174	346.10	345.70	342.20	337.80	313.20	321.20	344.80	349.40	353.20	334.70	331.10	330.30	330.40	333.30	342.20	349.00	348.60	338.70	331.90	327.60	330.60	334.50	331.20	330.80	334.90	340.90	331.30	330.90	331.50	341.60	19.37239300	-158.80539534	19.35353170	-158.81544197
67	14	07	03	22	25	55	06		160	151	143	140	138	133	122	116	108	101	96	94	95	94	92	86	81	76	68	58	50	43	36	31	28	28	28	28	27	27	-105	-102	-121	-162	-189	-198	-125	-18	16	-89	-164	-129	-138	-116	-127	-77	-69	-107	-121	-148	-156	-131	-90	-95	-57	-14	0	-49	-74	-65	481	444	430	331	229	246	301	302	269	268	269	265	268	268	299	298	310	340	284	272	296	308	288	260	237	246	230	227	209	207	492	456	447	369	297	316	326	303	269	282	315	295	301	292	325	308	318	356	309	310	335	335	302	277	244	246	230	232	222	217	347.70	347.10	344.30	333.90	320.50	321.20	337.40	356.60	3.40	341.60	328.60	334.00	332.80	336.60	337.00	345.50	347.50	342.50	336.90	331.40	332.20	337.00	342.60	339.90	346.50	356.70	0.00	347.80	340.50	342.60	19.35349180	-158.81545463	19.32994084	-158.82557519
68	14	07	03	22	45	57	42		162	149	144	143	140	127	118	112	104	97	93	90	87	87	88	85	78	74	70	63	54	46	40	34	31	32	33	32	31	28	-14	-22	-50	-144	-160	-100	30	96	109	96	59	25	54	37	19	-8	-12	-14	-3	-42	-80	-89	-50	-51	-38	10	33	40	-11	-21	340	271	242	201	143	204	285	263	223	248	265	263	260	201	166	184	232	251	231	209	240	266	228	244	219	207	166	137	144	148	340	272	247	247	215	227	287	280	248	266	271	264	266	204	167	184	232	251	231	213	253	280	233	249	222	207	169	143	144	149	357.60	355.40	348.30	324.40	311.80	333.90	6.00	20.10	26.00	21.20	12.60	5.40	11.70	10.40	6.50	357.50	357.00	356.80	359.30	348.60	341.60	341.50	347.60	348.20	350.20	2.80	11.20	16.30	355.60	351.90	19.32990152	-158.82559002	19.30770834	-158.83624518
69	14	07	03	23	05	59	11		165	148	143	141	142	132	118	112	106	100	95	92	90	88	84	80	76	73	70	66	61	54	46	38	32	30	31	32	31	28	32	22	38	-37	-126	-93	-3	111	195	189	189	168	111	67	68	48	26	-13	-34	-28	-62	-94	-95	-87	-76	-56	-20	7	-5	-36	346	329	287	240	157	208	288	320	309	318	364	348	302	283	311	328	353	360	296	271	291	326	301	268	265	269	220	172	170	154	347	330	290	243	201	228	288	339	365	370	410	386	322	291	318	331	354	360	298	272	298	339	316	282	276	275	221	172	170	158	5.30	3.80	7.50	351.20	321.30	335.90	359.40	19.10	32.30	30.70	27.40	25.80	20.20	13.30	12.30	8.30	4.20	357.90	353.40	354.10	348.00	343.90	342.50	342.00	344.00	348.20	354.80	2.30	358.30	346.80	19.30767532	-158.83627485	19.28672818	-158.84410104
70	14	07	03	23	25	53	92		164	149	142	137	138	138	128	114	109	103	98	93	91	89	83	78	77	76	74	71	67	59	49	40	32	30	31	31	30	28	141	116	97	119	84	35	68	115	202	265	258	280	183	88	120	93	42	30	57	-3	-48	-67	-83	-104	-129	-100	-61	-9	-15	-70	174	187	204	222	205	212	259	290	278	281	310	283	221	195	226	267	260	226	209	224	241	239	250	225	200	181	167	132	129	126	224	220	226	252	222	215	268	312	344	386	403	398	287	214	256	283	263	228	217	224	246	248	263	248	238	207	178	132	130	144	39.00	31.80	25.40	28.20	22.30	9.40	14.70	21.60	36.00	43.30	39.80	44.70	39.60	24.30	28.00	19.20	9.20	7.60	15.30	359.20	348.70	344.30	341.60	335.20	327.20	331.10	339.90	356.10	353.40	330.90	19.28669013	-158.84410632	19.26204231	-158.84885282
71	14	07	03	23	45	55	69		160	149	144	138	134	131	122	112	108	103	97	96	93	87	80	76	76	74	74	70	62	50	40	34	31	33	34	33	31	30	239	211	172	127	127	157	179	196	256	254	241	198	132	111	151	125	107	59	18	-2	-58	-77	-93	-109	-88	-43	-31	-34	-37	-56	96	54	94	153	157	190	258	237	224	218	219	220	192	200	254	257	230	199	206	234	270	240	255	226	204	210	192	176	172	187	258	218	196	199	202	246	314	308	340	335	326	296	233	229	295	286	254	208	207	234	276	252	271	251	222	214	194	179	176	195	68.10	75.60	61.30	39.70	39.00	39.60	34.80	39.60	48.80	49.40	47.70	42.00	34.50	29.00	30.70	25.90	24.90	16.50	5.00	359.50	347.90	342.20	340.00	334.30	336.70	348.40	350.80	349.10	347.90	343.30	19.26199897	-158.84886020	19.23659518	-158.85304185
72	14	07	04	00	05	57	38		163	152	142	138	133	129	122	115	110	103	96	96	98	94	87	83	84	86	83	73	60	49	42	41	40	39	36	32	29	28	367	314	270	193	192	135	126	150	186	154	161	155	115	94	90	66	49	-3	1	-11	-46	-63	-61	-54	-20	3	14	13	8	-39	52	54	29	27	87	131	131	110	131	146	138	116	150	140	142	109	133	168	237	276	259	217	216	191	182	207	194	180	173	184	371	319	272	195	211	188	182	186	228	212	212	194	189	169	168	127	142	168	237	276	263	226	224	198	183	207	195	180	173	188	81.90	80.20	83.90	82.00	65.60	45.90	43.90	53.70	54.80	46.50	49.40	53.20	37.50	33.90	32.40	31.20	20.20	359.00	0.20	357.70	349.90	343.80	344.20	344.20	353.70	0.80	4.10	4.10	2.60	348.00	19.23654196	-158.85305467	19.20781014	-158.86086166
73	14	07	04	00	25	59	06		161	149	138	134	132	130	124	116	110	104	97	95	95	93	86	80	78	79	76	68	58	49	42	38	36	34	32	31	28	27	301	277	296	314	235	143	118	183	203	176	173	173	150	119	95	79	69	58	52	52	66	47	22	31	39	26	7	7	-28	-33	23	35	53	57	60	82	73	40	122	173	163	143	88	52	58	80	132	183	215	226	211	166	139	158	128	128	115	111	101	123	302	279	301	319	243	165	139	187	237	247	238	224	174	130	111	112	149	192	221	232	221	173	141	161	134	131	115	111	105	127	85.60	82.80	79.80	79.70	75.70	60.20	58.30	77.70	59.00	45.50	46.70	50.40	59.60	66.40	58.60	44.60	27.60	17.60	13.60	13.00	17.40	15.80	9.00	11.10	16.90	11.50	3.50	3.60	344.50	345.00	19.20776404	-158.86084364	19.17702483	-158.86666864
74	14	07	04	00	45	53	88		160	150	141	136	133	132	122	116	112	106	100	96	94	92	86	80	76	71	63	55	48	42	35	32	31	31	30	28	26	25	328	321	316	315	301	279	226	269	309	346	313	249	228	208	181	154	169	164	180	192	187	150	136	123	79	50	62	30	31	26	-41	-41	-27	41	81	128	106	87	133	178	195	199	160	109	130	192	235	267	277	282	219	160	155	140	126	87	87	71	112	135	331	324	317	318	312	307	250	283	336	389	369	319	279	235	223	246	289	313	330	341	288	219	206	186	149	100	107	77	116	137	97.10	97.30	94.90	82.60	74.90	65.40	64.90	72.10	66.70	62.80	58.10	51.40	54.90	62.30	54.30	38.70	35.70	31.60	33.00	34.20	40.50	43.20	41.30	41.30	32.10	29.90	35.50	22.90	15.50	10.90	19.17697337	-158.86668230	19.14868687	-158.87230832
75	14	07	04	01	05	55	56		157	154	149	145	140	130	124	122	115	106	99	96	94	92	88	82	78	71	62	54	47	42	38	33	28	28	29	28	25	24	301	347	395	357	328	299	316	309	271	270	299	243	211	217	230	197	167	179	183	177	187	156	131	105	64	48	51	41	15	2	-201	-170	-176	-129	-103	-48	-39	-30	-4	42	117	143	165	131	139	165	148	137	157	168	146	85	42	38	7	-32	-26	-44	-4	52	362	386	432	380	344	303	318	310	271	273	321	282	268	253	269	257	223	225	241	244	237	178	138	112	64	58	57	60	16	52	123.70	116.10	114.00	109.90	107.40	99.10	97.00	95.50	90.80	81.20	68.60	59.50	52.00	58.90	58.90	50.10	48.50	52.60	49.40	46.50	52.00	61.40	72.20	70.10	83.80	123.70	117.00	137.00	104.90	2.20	19.14863113	-158.87230899	19.12924513	-158.88025830
76	14	07	04	01	25	57	25		158	150	145	143	138	134	128	121	115	107	100	97	96	92	87	78	71	66	58	48	40	36	34	31	28	27	27	26	25	25	321	337	403	417	391	343	278	265	256	216	201	175	150	174	188	162	197	210	210	232	224	191	144	107	61	84	81	68	40	64	-176	-148	-135	-127	-78	-6	34	44	87	123	179	215	191	192	193	200	216	220	246	269	229	151	141	144	119	70	68	89	130	182	366	368	425	436	399	343	280	269	270	249	269	277	243	259	269	257	292	304	323	355	320	243	202	179	134	109	106	112	136	193	118.70	113.70	108.50	106.90	101.30	91.00	83.00	80.60	71.20	60.30	48.30	39.10	38.10	42.20	44.20	39.00	42.40	43.70	40.50	40.80	44.40	51.70	45.60	36.60	27.10	50.20	50.00	37.40	17.10	19.40	19.12927187	-158.88029736	19.12381332	-158.89082302
77	14	07	04	01	45	58	94		152	145	141	136	132	131	128	121	112	108	100	98	96	89	80	74	70	66	56	44	36	31	28	25	26	27	27	26	26	25	358	368	376	396	414	411	336	261	230	228	201	168	143	146	139	142	188	182	206	216	218	201	156	92	97	86	62	65	46	78	-235	-235	-197	-168	-127	-75	-34	-21	26	51	100	103	86	125	137	152	125	127	161	183	161	96	59	73	24	17	8	64	80	89	428	437	424	430	433	418	338	262	231	234	225	197	167	192	195	208	226	222	261	283	271	223	167	117	100	88	63	91	92	118	123.30	122.60	117.70	113.00	107.10	100.30	95.80	94.60	83.60	77.40	63.50	58.50	59.00	49.40	45.40	43.10	56.40	55.10	52.00	49.70	53.60	64.50	69.30	51.60	76.10	78.80	82.60	45.40	29.90	41.20	19.12376865	-158.89081581	19.12227768	-158.89998084
78	14	07	04	02	05	53	73		150	148	142	133	126	128	132	124	112	108	102	99	98	89	79	71	64	57	48	40	35	30	26	24	24	26	26	26	27	28	333	351	355	340	346	377	314	219	206	187	142	161	135	134	128	131	161	186	187	202	218	201	148	96	80	84	47	55	60	48	-125	-150	-141	-100	-44	-25	-11	6	70	92	96	120	130	160	168	134	149	151	189	181	160	109	78	50	18	39	66	84	96	115	356	382	382	354	349	378	314	219	218	208	171	201	187	209	211	187	219	240	266	271	270	229	167	108	82	93	81	100	113	125	110.60	113.10	111.70	106.40	97.20	93.80	92.00	88.40	71.20	63.80	55.90	53.30	46.10	39.90	37.30	44.40	47.20	50.90	44.70	48.10	53.70	61.50	62.20	62.50	77.30	65.10	35.50	33.20	32.00	22.70	19.12226996	-158.89999920	19.11816015	-158.90225636
79	14	07	04	02	25	55	42		150	148	138	129	122	127	130	123	113	108	102	100	96	88	78	70	60	51	44	38	34	30	27	25	25	26	26	28	29	30	388	365	363	354	366	368	277	198	192	199	143	165	158	142	153	154	201	212	209	224	240	227	189	147	88	98	90	102	115	135	-199	-217	-240	-199	-172	-128	-104	-90	-14	29	32	26	66	83	75	45	55	59	72	94	64	46	22	2	-10	-13	-9	37	56	66	436	425	435	406	404	390	296	217	193	201	147	167	171	164	170	160	208	220	221	243	248	232	190	147	89	99	90	109	128	150	117.20	120.70	123.50	119.30	115.20	109.20	110.60	114.40	94.20	81.70	77.40	81.00	67.30	59.70	63.90	73.70	74.70	74.40	71.00	67.20	75.10	78.50	83.40	89.20	96.50	97.60	95.70	70.10	64.00	63.90	19.11815068	-158.90226348	19.11474419	-158.90411949
80	14	07	04	02	45	57	11		153	148	133	125	126	132	132	121	113	108	101	100	97	87	78	68	56	47	40	36	32	30	28	26	25	26	28	29	30	32	288	290	281	276	309	288	218	148	173	156	126	165	159	119	117	135	159	208	215	206	225	185	134	115	92	75	87	103	119	122	-175	-197	-176	-156	-103	-88	-72	-29	41	64	73	95	130	134	105	94	69	59	77	90	65	33	-3	-3	5	5	23	46	56	49	337	351	332	317	326	301	230	151	178	169	146	190	205	179	157	165	173	216	228	225	234	188	134	115	92	75	90	113	132	131	121.30	124.20	122.10	119.50	108.40	107.00	108.30	101.10	76.70	67.70	59.90	60.10	50.70	41.60	48.10	55.20	66.50	74.20	70.30	66.40	73.90	79.90	91.30	91.50	86.90	86.20	75.20	65.90	64.80	68.10	19.11473254	-158.90413516	19.11056271	-158.90645854
81	14	07	04	03	05	58	80		156	147	132	126	127	133	133	124	114	108	100	100	96	86	78	66	55	46	39	36	33	31	30	29	30	31	33	34	34	36	271	295	254	263	273	261	231	178	124	93	71	151	171	145	103	140	142	178	196	187	210	152	127	100	74	62	76	75	119	125	-149	-144	-151	-109	-88	-58	-27	16	56	79	73	124	177	197	143	134	95	64	72	85	65	56	51	39	29	17	43	76	83	98	309	328	295	285	287	267	233	179	136	122	102	195	246	245	176	194	171	189	209	205	220	162	137	107	79	64	87	107	145	159	118.80	116.00	120.70	112.50	107.90	102.50	96.70	84.90	65.70	49.70	44.20	50.60	44.00	36.40	35.80	46.30	56.20	70.20	69.80	65.60	72.80	69.80	68.10	68.70	68.60	74.70	60.50	44.60	55.10	51.90	19.11056036	-158.90645452	19.09584736	-158.91156388
82	14	07	04	03	25	53	66		159	151	136	129	127	130	130	124	116	109	102	97	94	86	78	70	60	48	41	37	35	33	32	30	31	34	36	37	37	40	314	279	237	201	208	167	151	99	30	31	-23	60	94	104	65	65	61	89	122	155	187	157	113	109	105	105	83	98	128	127	-100	-96	-85	-48	-46	-73	-65	-10	25	25	41	80	148	181	168	155	99	48	22	25	62	37	55	36	35	5	43	87	115	109	330	295	252	207	213	182	164	100	39	40	47	100	175	209	180	168	116	101	124	157	197	161	126	115	111	105	93	131	172	167	107.70	109.00	109.70	103.40	102.50	113.60	113.30	95.80	50.20	51.10	330.70	36.90	32.40	29.90	21.20	22.80	31.60	61.70	79.80	80.80	71.70	76.70	64.00	71.70	71.60	87.30	62.60	48.40	48.10	49.40	19.09580813	-158.91157016	19.07367580	-158.91706483
83	14	07	04	03	45	55	34		160	149	138	132	130	128	124	116	112	110	104	97	94	84	75	70	61	48	41	39	38	36	36	36	37	39	37	37	38	40	255	235	199	170	202	227	204	186	116	76	34	64	111	104	143	97	76	82	89	120	147	162	147	116	102	111	76	77	90	139	-177	-187	-150	-131	-94	-87	-136	-70	-40	-46	-31	-68	-38	23	27	21	-1	-65	-124	-127	-85	-92	-125	-138	-146	-141	-125	-79	-84	-61	310	300	249	215	223	243	245	199	123	89	46	93	117	107	146	99	76	105	153	175	170	186	193	180	178	179	146	110	123	152	124.80	128.50	127.00	127.60	115.00	111.00	123.70	110.60	109.00	121.20	132.40	136.70	108.90	77.50	79.30	77.80	90.80	128.40	144.30	136.60	120.00	119.60	130.40	140.00	145.10	141.80	148.70	135.70	133.00	113.70	19.07363883	-158.91708554	19.05462046	-158.92417436
84	14	07	04	04	05	57	03		160	148	137	133	130	129	126	118	108	107	106	99	97	89	77	69	60	50	44	41	38	36	36	38	38	37	38	39	38	36	150	172	119	85	108	175	219	212	108	25	-30	-64	21	55	64	60	36	37	17	41	82	121	111	81	60	24	12	7	28	39	-100	-96	-83	-116	-65	-41	-53	-24	-9	-29	-4	12	-8	-1	37	56	32	-39	-108	-110	-67	-55	-76	-115	-97	-90	-93	-55	-30	-20	180	197	145	144	126	180	225	213	108	38	30	65	22	55	74	82	48	54	109	117	106	133	135	141	114	93	94	55	41	44	123.70	119.20	124.90	143.80	121.00	103.20	103.60	96.50	94.80	139.20	262.40	280.60	110.90	91.00	60.00	47.00	48.40	136.50	171.10	159.60	129.30	114.40	124.40	144.80	148.30	165.10	172.60	172.70	137.00	117.10	19.05460554	-158.92420035	19.03866098	-158.93156402
85	14	07	04	04	25	58	72		160	149	138	131	127	126	126	118	110	108	103	100	98	91	80	72	63	54	48	48	48	49	49	46	42	40	41	42	42	42	177	170	142	96	107	128	161	145	56	12	24	91	114	102	102	95	76	59	42	54	105	106	118	126	73	39	24	33	24	33	-67	-48	-43	-47	-26	-34	-84	-67	-66	-70	-51	-51	-67	-6	23	10	20	-20	-49	-71	-49	-12	7	-22	-60	-69	-65	-49	-26	21	189	177	148	107	110	132	182	160	87	71	56	104	132	102	105	96	79	62	65	89	116	107	118	128	94	79	69	59	35	39	110.70	105.80	106.80	116.10	103.70	104.90	117.60	114.80	139.70	170.30	154.80	119.30	120.40	93.40	77.30	84.00	75.30	108.70	139.40	142.70	115.00	96.50	86.60	99.90	129.40	150.50	159.70	146.00	137.30	57.50	19.03861287	-158.93158120	18.99897368	-158.94395063
86	14	07	04	04	45	53	61		163	152	138	132	128	125	122	116	110	107	104	101	96	86	74	68	66	63	60	56	52	48	45	45	44	45	46	45	42	38	97	115	120	133	156	158	166	165	69	62	121	164	146	112	134	158	72	78	46	30	74	133	154	126	93	54	20	5	20	9	-83	-58	-69	-20	-29	-25	-108	-79	-93	-87	-101	-106	-87	-60	-22	8	-14	-20	-9	8	9	-14	-14	-41	-67	-68	-75	-29	-19	3	128	129	138	134	159	160	198	183	116	107	158	195	170	127	136	158	73	81	47	31	75	134	155	133	115	87	78	29	28	9	130.60	116.80	119.90	98.60	100.50	99.00	123.00	115.60	143.40	144.50	129.90	122.90	120.80	118.20	99.30	87.10	101.00	104.40	101.10	75.10	83.10	96.00	95.20	108.00	125.80	141.50	165.10	170.20	133.50	71.60	18.99890302	-158.94397770	18.95624852	-158.95979770
87	14	07	04	05	05	55	34		162	151	144	138	131	126	124	117	110	107	102	101	96	90	81	73	70	67	62	57	53	50	48	46	45	43	42	40	38	37	57	111	140	147	154	194	186	193	152	116	174	235	211	219	213	151	125	68	54	47	32	43	44	52	7	-24	-33	-38	-39	-6	-87	-73	-51	18	-2	-12	-72	-28	-2	-13	-58	-28	-24	-16	6	17	38	29	37	9	-17	7	-10	8	21	18	34	67	71	114	104	133	149	148	154	194	199	195	152	117	183	237	212	220	213	152	131	74	65	48	36	44	45	53	22	30	47	77	81	114	146.80	123.30	110.00	83.00	90.70	93.50	111.20	98.30	90.80	96.40	108.40	96.80	96.50	94.20	88.40	83.60	73.10	66.90	55.60	79.20	118.00	80.80	102.80	81.30	18.40	306.90	315.90	330.40	331.20	357.00	18.95618616	-158.95982503	18.91400213	-158.97801569
88	14	07	04	05	25	57	03		163	158	146	138	131	123	122	120	114	111	109	103	93	84	76	72	69	65	60	58	55	53	53	52	51	48	46	45	44	42	42	39	94	91	108	151	241	255	178	104	158	170	131	129	122	56	26	34	3	7	-23	-22	1	40	38	4	-42	-51	-53	-17	-127	-126	-96	-42	3	23	-86	-118	-94	-87	-118	-111	-34	-36	-14	21	53	44	35	54	75	21	21	4	45	81	93	140	116	102	134	132	134	100	108	153	256	281	201	136	197	203	135	134	123	60	59	56	35	54	78	30	21	40	59	81	102	149	128	103	161.70	162.80	135.60	114.80	88.40	81.30	109.60	114.80	117.80	129.90	126.80	123.10	104.50	105.60	96.50	69.40	26.10	37.70	4.90	7.40	343.00	313.70	2.70	84.30	40.20	2.80	335.70	340.00	335.40	350.50	18.91393499	-158.97805433	18.87058480	-158.99483196
89	14	07	04	05	45	58	75		162	154	145	140	134	127	125	123	120	114	108	102	95	90	86	83	78	72	67	64	61	57	54	50	46	43	42	39	38	36	88	92	71	58	52	59	137	153	98	162	191	190	164	126	145	109	49	26	-13	-33	-27	-14	3	6	-24	-57	-79	-81	-67	-49	-196	-139	-107	-99	-82	-46	-84	-118	-83	-71	-135	-113	-10	19	10	56	66	52	70	101	120	97	83	82	91	80	102	132	153	132	215	167	128	115	97	75	161	193	128	177	234	221	164	127	145	123	82	58	71	106	123	98	83	82	94	98	129	155	167	141	155.80	146.50	146.40	149.60	147.60	127.90	121.50	127.60	130.30	113.70	125.30	120.70	93.50	81.40	86.10	62.80	36.60	26.60	349.50	341.90	347.30	351.80	2.10	4.20	345.20	324.50	322.20	328.50	336.40	339.60	18.87051171	-158.99485149	18.82460930	-159.01056371
90	14	07	04	06	05	53	55		160	157	150	146	138	130	125	123	124	118	111	105	99	93	88	84	78	70	62	58	56	53	49	45	40	38	36	35	34	32	109	131	77	116	78	59	115	146	197	304	306	296	259	232	231	216	161	66	34	14	40	49	64	36	15	-19	-31	-1	27	57	-128	-119	-82	-60	-47	-27	-65	-88	-78	-131	-128	-105	-42	28	34	45	89	82	61	72	118	133	125	92	81	77	87	131	142	150	168	177	112	131	91	65	132	170	212	331	332	314	262	234	233	221	184	105	70	73	125	142	140	99	82	79	92	131	145	160	139.60	132.30	136.80	117.30	121.10	114.60	119.50	121.10	111.60	113.30	112.70	109.50	99.20	83.10	81.60	78.20	61.10	38.80	29.10	11.00	18.70	20.20	27.10	21.40	10.50	346.10	340.40	359.60	10.80	20.80	18.82452951	-159.01058617	18.77827699	-159.02471102
91	14	07	04	06	25	55	25		162	159	154	146	136	128	126	128	129	121	111	106	100	94	91	87	79	68	60	54	53	51	48	44	39	35	33	32	31	30	54	68	71	63	31	32	58	118	198	246	270	248	222	190	183	194	107	55	31	30	46	65	40	30	15	-42	-60	-59	-43	-37	-96	-62	-43	-18	-8	-22	-88	-155	-150	-148	-132	-77	-56	-64	-58	2	52	49	26	6	39	73	59	56	19	23	35	41	74	83	110	92	83	66	32	39	105	195	248	287	301	260	229	200	192	194	119	74	40	31	60	98	71	64	24	48	69	72	86	91	150.60	132.40	121.20	105.90	104.50	124.50	146.60	142.70	127.10	121.00	116.10	107.20	104.20	108.60	107.60	89.40	64.10	48.30	50.00	78.70	49.70	41.70	34.10	28.20	38.30	298.70	300.30	304.80	329.80	336.00	18.77820080	-159.02472870	18.73331051	-159.04042600
92	14	07	04	06	45	56	94		162	159	156	150	137	130	126	122	117	113	109	104	99	94	88	84	78	71	64	57	55	52	49	45	41	37	34	32	32	32	39	73	77	67	75	125	162	167	243	237	258	252	234	179	164	130	82	56	96	80	42	50	52	13	-10	-39	-53	-81	-71	-35	-28	-34	-18	-17	16	56	40	-40	-21	46	47	52	60	17	15	47	107	115	80	21	16	50	24	-28	-50	-58	-16	35	73	86	48	81	79	69	77	137	167	172	244	241	262	257	242	180	165	138	135	128	125	83	45	71	57	31	51	70	55	88	102	93	125.70	115.00	103.20	104.20	78.00	65.90	76.10	103.50	94.90	79.00	79.70	78.30	75.60	84.60	84.80	70.10	37.50	26.00	50.20	75.30	69.10	45.00	65.20	155.10	191.30	213.90	253.20	293.40	315.80	337.90	18.73323030	-159.04043237	18.68815167	-159.05422764
93	14	07	04	07	05	58	63		161	157	152	147	139	134	127	119	114	110	107	104	101	97	92	86	78	70	64	59	55	51	48	43	39	36	33	32	32	31	72	87	50	48	63	96	132	158	180	172	174	160	140	141	142	101	43	63	43	37	31	20	-2	-62	-81	-122	-141	-121	-81	-41	114	62	26	57	104	91	36	-62	-52	-29	-54	-49	-53	-33	28	61	57	-4	-40	-52	-70	-57	-71	-56	-67	-57	-1	20	62	100	135	107	56	75	122	132	137	170	187	174	182	167	150	145	145	118	71	63	59	64	77	60	71	84	105	135	141	123	102	108	32.30	54.50	62.50	40.10	31.20	46.50	74.70	111.40	106.10	99.60	107.20	107.00	110.70	103.20	78.80	58.90	37.00	93.60	132.90	144.60	156.10	160.70	181.60	227.90	230.40	245.00	269.60	279.40	307.40	337.70	18.68807917	-159.05424348	18.64271798	-159.06568780
94	14	07	04	07	25	53	42		164	158	150	142	135	130	129	126	117	112	108	105	102	98	93	85	78	72	65	60	56	52	47	42	39	36	35	35	33	31	-11	-7	-30	-28	13	88	111	162	178	181	189	189	203	171	121	73	55	52	59	49	47	33	-3	-40	-100	-101	-53	-52	-29	-13	70	37	61	56	81	17	-45	-19	3	-2	-8	3	20	39	92	104	23	-5	-46	-59	-62	-65	-59	-41	-54	-33	21	52	99	103	71	38	68	63	82	90	120	163	178	181	189	189	204	175	152	127	60	52	75	77	78	73	59	57	114	106	57	74	103	104	351.10	349.30	333.80	333.40	9.10	79.10	112.10	96.70	89.00	90.60	92.40	89.10	84.40	77.20	52.80	35.10	67.30	95.50	127.90	140.30	142.80	153.10	182.90	224.30	241.60	251.90	291.60	315.00	343.70	352.80	18.64264280	-159.06571831	18.59735504	-159.07963419
95	14	07	04	07	45	55	14		162	159	154	144	135	130	128	125	119	112	107	103	98	93	88	81	75	70	64	60	56	50	45	40	36	34	33	31	29	28	8	3	4	6	-2	43	123	100	105	106	108	152	117	83	61	34	3	5	-26	-45	-36	-30	-45	-113	-109	-102	-76	-46	-54	-84	73	29	31	34	36	3	17	25	41	64	12	16	54	74	102	98	48	29	16	27	44	74	22	1	8	18	19	43	52	38	73	29	31	35	36	43	124	103	113	124	109	153	129	111	119	104	48	29	31	52	57	80	50	113	109	104	78	63	75	92	6.30	5.90	7.40	10.00	356.80	86.00	82.10	76.00	68.70	58.90	83.70	84.00	65.20	48.30	30.90	19.10	3.60	9.80	301.60	301.00	320.70	337.90	296.10	270.50	274.20	280.00	284.00	313.10	313.90	294.30	18.59727901	-159.07964685	18.55094553	-159.09305530
96	14	07	04	08	05	56	84		162	158	156	150	143	137	130	125	116	110	106	102	96	92	88	82	76	69	63	58	53	48	42	38	35	34	32	30	28	27	-594	-606	-625	-643	-666	-682	-665	-659	-693	-706	-683	-675	-712	-741	-722	-746	-735	-718	-709	-745	-779	-777	-818	-847	-800	-787	-774	-792	-798	-826	69	27	44	88	98	46	3	-39	-55	-67	-66	-45	-12	-11	-19	13	27	20	-7	39	77	31	10	3	4	20	6	8	-4	-29	598	607	627	649	673	684	665	660	695	709	686	676	712	741	722	746	735	718	709	746	783	778	818	847	800	787	774	792	798	827	276.60	272.60	274.00	277.80	278.40	273.90	270.30	266.60	265.50	264.60	264.50	266.20	269.00	269.10	268.50	271.00	272.10	271.60	269.40	273.00	275.60	272.30	270.70	270.20	270.30	271.50	270.40	270.60	269.70	268.00	18.55085651	-159.09307516	18.54092832	-159.09578419
97	14	07	04	08	25	58	55		164	158	153	149	141	136	134	126	116	111	106	101	96	92	88	81	75	69	62	57	51	47	44	40	38	36	33	30	28	27	201	182	155	141	83	101	86	51	19	11	26	39	3	6	10	-35	-30	26	33	18	-36	-114	-108	-106	-132	-99	-90	-129	-155	-151	-1975	-1986	-1992	-2024	-1998	-1986	-2025	-2085	-2101	-2072	-2057	-2010	-2002	-1979	-1957	-1945	-1993	-1987	-1923	-1927	-1929	-1976	-2003	-1995	-1990	-2017	-2027	-2032	-2038	-2081	1985	1994	1998	2029	2000	1989	2027	2086	2101	2072	2057	2010	2002	1979	1957	1945	1993	1987	1923	1927	1929	1979	2006	1998	1994	2019	2029	2036	2044	2086	174.20	174.80	175.60	176.00	177.60	177.10	177.60	178.60	179.50	179.70	179.30	178.90	179.90	179.80	179.70	181.00	180.90	179.30	179.00	179.50	181.10	183.30	183.10	183.00	183.80	182.80	182.50	183.60	184.30	184.20	18.54108036	-159.09578000	18.54092832	-159.09578419
98	14	07	04	08	45	53	33		163	158	150	144	138	134	136	128	115	110	107	103	98	94	90	82	74	68	64	58	51	46	42	38	36	34	32	30	27	24	130	136	145	89	84	89	67	46	18	51	37	53	59	71	50	12	-16	24	55	59	7	-34	-63	-54	-44	-74	-64	-112	-145	-169	-3080	-3095	-3123	-3115	-3057	-3079	-3129	-3161	-3171	-3134	-3123	-3078	-3063	-3036	-3039	-3053	-3086	-3122	-3053	-3033	-3026	-3063	-3061	-3055	-3040	-3042	-3071	-3053	-3084	-3112	3083	3098	3126	3116	3058	3080	3130	3161	3171	3134	3123	3078	3064	3037	3039	3053	3086	3122	3053	3034	3026	3063	3062	3055	3040	3043	3072	3055	3087	3117	177.60	177.50	177.30	178.40	178.40	178.30	178.80	179.20	179.70	179.10	179.30	179.00	178.90	178.70	179.10	179.80	180.30	179.60	179.00	178.90	179.90	180.60	181.20	181.00	180.80	181.40	181.20	182.10	182.70	183.10	18.54108036	-159.09578000	18.54092832	-159.09578419
99	14	07	04	09	05	55	02		160	159	152	144	136	131	132	128	117	111	106	101	98	94	88	79	72	68	66	59	51	45	41	38	37	34	33	30	27	25	124	112	140	94	51	17	-17	-21	-14	-32	-34	-6	8	2	-27	-80	-62	-11	21	30	-17	-61	-116	-92	-88	-44	-81	-105	-154	-182	-3114	-3133	-3169	-3160	-3153	-3133	-3191	-3188	-3177	-3216	-3172	-3171	-3127	-3097	-3108	-3099	-3147	-3098	-3052	-3025	-3047	-3083	-3114	-3108	-3094	-3113	-3108	-3091	-3092	-3137	3116	3135	3172	3161	3153	3133	3191	3188	3177	3216	3172	3171	3127	3097	3108	3100	3148	3098	3052	3025	3047	3084	3116	3109	3095	3113	3109	3093	3096	3142	177.70	178.00	177.50	178.30	179.10	179.70	180.30	180.40	180.30	180.60	180.60	180.10	179.90	180.00	180.50	181.50	181.10	180.20	179.60	179.40	180.30	181.10	182.10	181.70	181.60	180.80	181.50	181.90	182.90	183.30	18.54108036	-159.09578000	18.54092832	-159.09578419
