Cruise	Station	Type	mon/day/yr	Lon (°E)	Lat (°N)	Bot. Depth [m]	Depth [m]	QF	Echo Amplitude [counts]	QF	East Component [mm/s]	QF	North Component [mm/s]	QF	Magnitude [mm/s]	QF	Direction [deg]	QF	Ensemble	QF	hh:mm
S254	019-1	C	8/5/2014	-174.541138	-4.7040855		18.73	1	162	1	615	1	-486	1	784	1	128.3	1	1	1	6:53
S254	019-1	C	8/5/2014	-174.541138	-4.7040855		28.73	1	148	1	608	1	-484	1	777	1	128.5	1	1	1	6:53
S254	019-1	C	8/5/2014	-174.541138	-4.7040855		38.73	1	140	1	654	1	-458	1	798	1	125	1	1	1	6:53
S254	019-1	C	8/5/2014	-174.541138	-4.7040855		48.73	1	134	1	687	1	-448	1	820	1	123.1	1	1	1	6:53
S254	019-1	C	8/5/2014	-174.541138	-4.7040855		58.73	1	128	1	651	1	-457	1	795	1	125.1	1	1	1	6:53
S254	019-1	C	8/5/2014	-174.541138	-4.7040855		68.73	1	124	1	641	1	-454	1	785	1	125.3	1	1	1	6:53
S254	019-1	C	8/5/2014	-174.541138	-4.7040855		78.73	1	117	1	613	1	-471	1	773	1	127.5	1	1	1	6:53
S254	019-1	C	8/5/2014	-174.541138	-4.7040855		88.73	1	112	1	609	1	-442	1	752	1	126	1	1	1	6:53
S254	019-1	C	8/5/2014	-174.541138	-4.7040855		98.73	1	109	1	578	1	-374	1	688	1	122.9	1	1	1	6:53
S254	019-1	C	8/5/2014	-174.541138	-4.7040855		108.73	1	110	1	646	1	-341	1	730	1	117.8	1	1	1	6:53
S254	019-1	C	8/5/2014	-174.541138	-4.7040855		118.73	1	110	1	684	1	-326	1	758	1	115.5	1	1	1	6:53
S254	019-1	C	8/5/2014	-174.541138	-4.7040855		128.73	1	107	1	699	1	-229	1	736	1	108.1	1	1	1	6:53
S254	019-1	C	8/5/2014	-174.541138	-4.7040855		138.73	1	102	1	703	1	-317	1	771	1	114.3	1	1	1	6:53
S254	019-1	C	8/5/2014	-174.541138	-4.7040855		148.73	1	101	1	671	1	-465	1	816	1	124.7	1	1	1	6:53
S254	019-1	C	8/5/2014	-174.541138	-4.7040855		158.73	1	100	1	630	1	-404	1	748	1	122.7	1	1	1	6:53
S254	019-1	C	8/5/2014	-174.541138	-4.7040855		168.73	1	100	1	600	1	-419	1	732	1	124.9	1	1	1	6:53
S254	019-1	C	8/5/2014	-174.541138	-4.7040855		178.73	1	93	1	591	1	-458	1	748	1	127.8	1	1	1	6:53
S254	019-1	C	8/5/2014	-174.541138	-4.7040855		188.73	1	82	1	568	1	-421	1	707	1	126.5	1	1	1	6:53
S254	019-1	C	8/5/2014	-174.541138	-4.7040855		198.73	1	68	1	532	1	-370	1	648	1	124.8	1	1	1	6:53
S254	019-1	C	8/5/2014	-174.541138	-4.7040855		208.73	1	61	1	489	1	-420	1	645	1	130.7	1	1	1	6:53
S254	019-1	C	8/5/2014	-174.541138	-4.7040855		218.73	1	58	1	489	1	-395	1	629	1	128.9	1	1	1	6:53
S254	019-1	C	8/5/2014	-174.541138	-4.7040855		228.73	1	56	1	484	1	-355	1	600	1	126.3	1	1	1	6:53
S254	019-1	C	8/5/2014	-174.541138	-4.7040855		238.73	1	51	1	514	1	-334	1	613	1	123	1	1	1	6:53
S254	019-1	C	8/5/2014	-174.541138	-4.7040855		248.73	1	46	1	539	1	-307	1	620	1	119.7	1	1	1	6:53
S254	019-1	C	8/5/2014	-174.541138	-4.7040855		258.73	1	44	1	579	1	-320	1	662	1	118.9	1	1	1	6:53
S254	019-1	C	8/5/2014	-174.541138	-4.7040855		268.73	1	43	1	634	1	-326	1	713	1	117.2	1	1	1	6:53
S254	019-1	C	8/5/2014	-174.541138	-4.7040855		278.73	1	42	1	654	1	-337	1	736	1	117.3	1	1	1	6:53
S254	019-1	C	8/5/2014	-174.541138	-4.7040855		288.73	1	41	1	650	1	-356	1	741	1	118.7	1	1	1	6:53
S254	019-1	C	8/5/2014	-174.541138	-4.7040855		298.73	1	39	1	627	1	-317	1	703	1	116.8	1	1	1	6:53
S254	019-1	C	8/5/2014	-174.541138	-4.7040855		308.73	1	37	1	618	1	-315	1	694	1	117	1	1	1	6:53
S254	019-2	C	8/5/2014	-174.5389794	-4.70690299		18.73	1	160	1	623	1	-398	1	739	1	122.6	1	2	1	7:13
S254	019-2	C	8/5/2014	-174.5389794	-4.70690299		28.73	1	148	1	647	1	-401	1	761	1	121.8	1	2	1	7:13
S254	019-2	C	8/5/2014	-174.5389794	-4.70690299		38.73	1	140	1	669	1	-396	1	777	1	120.6	1	2	1	7:13
S254	019-2	C	8/5/2014	-174.5389794	-4.70690299		48.73	1	134	1	688	1	-398	1	795	1	120	1	2	1	7:13
S254	019-2	C	8/5/2014	-174.5389794	-4.70690299		58.73	1	128	1	693	1	-403	1	802	1	120.2	1	2	1	7:13
S254	019-2	C	8/5/2014	-174.5389794	-4.70690299		68.73	1	125	1	684	1	-400	1	792	1	120.3	1	2	1	7:13
S254	019-2	C	8/5/2014	-174.5389794	-4.70690299		78.73	1	120	1	678	1	-403	1	789	1	120.7	1	2	1	7:13
S254	019-2	C	8/5/2014	-174.5389794	-4.70690299		88.73	1	113	1	654	1	-397	1	765	1	121.3	1	2	1	7:13
S254	019-2	C	8/5/2014	-174.5389794	-4.70690299		98.73	1	107	1	653	1	-371	1	751	1	119.6	1	2	1	7:13
S254	019-2	C	8/5/2014	-174.5389794	-4.70690299		108.73	1	105	1	627	1	-281	1	687	1	114.1	1	2	1	7:13
S254	019-2	C	8/5/2014	-174.5389794	-4.70690299		118.73	1	106	1	708	1	-368	1	798	1	117.5	1	2	1	7:13
S254	019-2	C	8/5/2014	-174.5389794	-4.70690299		128.73	1	106	1	745	1	-328	1	814	1	113.8	1	2	1	7:13
S254	019-2	C	8/5/2014	-174.5389794	-4.70690299		138.73	1	103	1	792	1	-306	1	849	1	111.1	1	2	1	7:13
S254	019-2	C	8/5/2014	-174.5389794	-4.70690299		148.73	1	100	1	821	1	-501	1	962	1	121.4	1	2	1	7:13
S254	019-2	C	8/5/2014	-174.5389794	-4.70690299		158.73	1	100	1	797	1	-546	1	966	1	124.4	1	2	1	7:13
S254	019-2	C	8/5/2014	-174.5389794	-4.70690299		168.73	1	100	1	755	1	-466	1	887	1	121.7	1	2	1	7:13
S254	019-2	C	8/5/2014	-174.5389794	-4.70690299		178.73	1	95	1	745	1	-497	1	896	1	123.7	1	2	1	7:13
S254	019-2	C	8/5/2014	-174.5389794	-4.70690299		188.73	1	84	1	705	1	-445	1	834	1	122.3	1	2	1	7:13
S254	019-2	C	8/5/2014	-174.5389794	-4.70690299		198.73	1	72	1	659	1	-398	1	770	1	121.1	1	2	1	7:13
S254	019-2	C	8/5/2014	-174.5389794	-4.70690299		208.73	1	63	1	603	1	-430	1	741	1	125.5	1	2	1	7:13
S254	019-2	C	8/5/2014	-174.5389794	-4.70690299		218.73	1	61	1	568	1	-402	1	696	1	125.3	1	2	1	7:13
S254	019-2	C	8/5/2014	-174.5389794	-4.70690299		228.73	1	59	1	566	1	-371	1	677	1	123.2	1	2	1	7:13
S254	019-2	C	8/5/2014	-174.5389794	-4.70690299		238.73	1	53	1	585	1	-329	1	671	1	119.4	1	2	1	7:13
S254	019-2	C	8/5/2014	-174.5389794	-4.70690299		248.73	1	47	1	608	1	-302	1	679	1	116.4	1	2	1	7:13
S254	019-2	C	8/5/2014	-174.5389794	-4.70690299		258.73	1	43	1	664	1	-296	1	727	1	114	1	2	1	7:13
S254	019-2	C	8/5/2014	-174.5389794	-4.70690299		268.73	1	42	1	707	1	-320	1	776	1	114.4	1	2	1	7:13
S254	019-2	C	8/5/2014	-174.5389794	-4.70690299		278.73	1	40	1	733	1	-327	1	803	1	114	1	2	1	7:13
S254	019-2	C	8/5/2014	-174.5389794	-4.70690299		288.73	1	39	1	733	1	-324	1	801	1	113.8	1	2	1	7:13
S254	019-2	C	8/5/2014	-174.5389794	-4.70690299		298.73	1	40	1	742	1	-297	1	799	1	111.8	1	2	1	7:13
S254	019-2	C	8/5/2014	-174.5389794	-4.70690299		308.73	1	40	1	749	1	-278	1	799	1	110.4	1	2	1	7:13
S254	019-3	C	8/5/2014	-174.5360513	-4.71108036		18.73	1	160	1	754	1	-597	1	962	1	128.4	1	3	1	7:33
S254	019-3	C	8/5/2014	-174.5360513	-4.71108036		28.73	1	148	1	764	1	-622	1	985	1	129.2	1	3	1	7:33
S254	019-3	C	8/5/2014	-174.5360513	-4.71108036		38.73	1	141	1	805	1	-608	1	1009	1	127.1	1	3	1	7:33
S254	019-3	C	8/5/2014	-174.5360513	-4.71108036		48.73	1	132	1	835	1	-622	1	1041	1	126.7	1	3	1	7:33
S254	019-3	C	8/5/2014	-174.5360513	-4.71108036		58.73	1	126	1	828	1	-649	1	1052	1	128.1	1	3	1	7:33
S254	019-3	C	8/5/2014	-174.5360513	-4.71108036		68.73	1	122	1	810	1	-648	1	1037	1	128.7	1	3	1	7:33
S254	019-3	C	8/5/2014	-174.5360513	-4.71108036		78.73	1	118	1	813	1	-639	1	1034	1	128.2	1	3	1	7:33
S254	019-3	C	8/5/2014	-174.5360513	-4.71108036		88.73	1	111	1	815	1	-624	1	1026	1	127.4	1	3	1	7:33
S254	019-3	C	8/5/2014	-174.5360513	-4.71108036		98.73	1	105	1	769	1	-581	1	964	1	127.1	1	3	1	7:33
S254	019-3	C	8/5/2014	-174.5360513	-4.71108036		108.73	1	105	1	768	1	-566	1	954	1	126.4	1	3	1	7:33
S254	019-3	C	8/5/2014	-174.5360513	-4.71108036		118.73	1	107	1	847	1	-606	1	1041	1	125.6	1	3	1	7:33
S254	019-3	C	8/5/2014	-174.5360513	-4.71108036		128.73	1	106	1	872	1	-556	1	1034	1	122.5	1	3	1	7:33
S254	019-3	C	8/5/2014	-174.5360513	-4.71108036		138.73	1	102	1	956	1	-631	1	1145	1	123.4	1	3	1	7:33
S254	019-3	C	8/5/2014	-174.5360513	-4.71108036		148.73	1	100	1	965	1	-740	1	1216	1	127.5	1	3	1	7:33
S254	019-3	C	8/5/2014	-174.5360513	-4.71108036		158.73	1	100	1	915	1	-657	1	1126	1	125.7	1	3	1	7:33
S254	019-3	C	8/5/2014	-174.5360513	-4.71108036		168.73	1	96	1	908	1	-655	1	1120	1	125.8	1	3	1	7:33
S254	019-3	C	8/5/2014	-174.5360513	-4.71108036		178.73	1	89	1	873	1	-704	1	1121	1	128.9	1	3	1	7:33
S254	019-3	C	8/5/2014	-174.5360513	-4.71108036		188.73	1	80	1	784	1	-674	1	1034	1	130.7	1	3	1	7:33
S254	019-3	C	8/5/2014	-174.5360513	-4.71108036		198.73	1	69	1	760	1	-676	1	1017	1	131.7	1	3	1	7:33
S254	019-3	C	8/5/2014	-174.5360513	-4.71108036		208.73	1	61	1	701	1	-700	1	991	1	135	1	3	1	7:33
S254	019-3	C	8/5/2014	-174.5360513	-4.71108036		218.73	1	59	1	672	1	-707	1	975	1	136.5	1	3	1	7:33
S254	019-3	C	8/5/2014	-174.5360513	-4.71108036		228.73	1	60	1	653	1	-672	1	937	1	135.8	1	3	1	7:33
S254	019-3	C	8/5/2014	-174.5360513	-4.71108036		238.73	1	54	1	689	1	-610	1	920	1	131.5	1	3	1	7:33
S254	019-3	C	8/5/2014	-174.5360513	-4.71108036		248.73	1	46	1	716	1	-553	1	905	1	127.7	1	3	1	7:33
S254	019-3	C	8/5/2014	-174.5360513	-4.71108036		258.73	1	39	1	764	1	-543	1	937	1	125.4	1	3	1	7:33
S254	019-3	C	8/5/2014	-174.5360513	-4.71108036		268.73	1	36	1	808	1	-557	1	981	1	124.6	1	3	1	7:33
S254	019-3	C	8/5/2014	-174.5360513	-4.71108036		278.73	1	35	1	833	1	-557	1	1002	1	123.8	1	3	1	7:33
S254	019-3	C	8/5/2014	-174.5360513	-4.71108036		288.73	1	34	1	826	1	-555	1	995	1	123.9	1	3	1	7:33
S254	019-3	C	8/5/2014	-174.5360513	-4.71108036		298.73	1	34	1	839	1	-540	1	998	1	122.8	1	3	1	7:33
S254	019-3	C	8/5/2014	-174.5360513	-4.71108036		308.73	1	35	1	830	1	-510	1	974	1	121.6	1	3	1	7:33
S254	019-4	C	8/5/2014	-174.5329125	-4.71376752		18.73	1	160	1	745	1	-445	1	868	1	120.9	1	4	1	7:53
S254	019-4	C	8/5/2014	-174.5329125	-4.71376752		28.73	1	149	1	752	1	-448	1	875	1	120.8	1	4	1	7:53
S254	019-4	C	8/5/2014	-174.5329125	-4.71376752		38.73	1	140	1	758	1	-443	1	878	1	120.3	1	4	1	7:53
S254	019-4	C	8/5/2014	-174.5329125	-4.71376752		48.73	1	134	1	796	1	-439	1	909	1	118.9	1	4	1	7:53
S254	019-4	C	8/5/2014	-174.5329125	-4.71376752		58.73	1	127	1	802	1	-449	1	919	1	119.2	1	4	1	7:53
S254	019-4	C	8/5/2014	-174.5329125	-4.71376752		68.73	1	121	1	798	1	-446	1	914	1	119.2	1	4	1	7:53
S254	019-4	C	8/5/2014	-174.5329125	-4.71376752		78.73	1	117	1	780	1	-474	1	913	1	121.3	1	4	1	7:53
S254	019-4	C	8/5/2014	-174.5329125	-4.71376752		88.73	1	111	1	765	1	-457	1	891	1	120.9	1	4	1	7:53
S254	019-4	C	8/5/2014	-174.5329125	-4.71376752		98.73	1	106	1	719	1	-389	1	817	1	118.4	1	4	1	7:53
S254	019-4	C	8/5/2014	-174.5329125	-4.71376752		108.73	1	106	1	726	1	-371	1	815	1	117.1	1	4	1	7:53
S254	019-4	C	8/5/2014	-174.5329125	-4.71376752		118.73	1	108	1	815	1	-423	1	918	1	117.4	1	4	1	7:53
S254	019-4	C	8/5/2014	-174.5329125	-4.71376752		128.73	1	106	1	815	1	-347	1	886	1	113.1	1	4	1	7:53
S254	019-4	C	8/5/2014	-174.5329125	-4.71376752		138.73	1	104	1	884	1	-405	1	972	1	114.6	1	4	1	7:53
S254	019-4	C	8/5/2014	-174.5329125	-4.71376752		148.73	1	102	1	874	1	-498	1	1006	1	119.7	1	4	1	7:53
S254	019-4	C	8/5/2014	-174.5329125	-4.71376752		158.73	1	98	1	898	1	-365	1	969	1	112.1	1	4	1	7:53
S254	019-4	C	8/5/2014	-174.5329125	-4.71376752		168.73	1	94	1	913	1	-389	1	992	1	113.1	1	4	1	7:53
S254	019-4	C	8/5/2014	-174.5329125	-4.71376752		178.73	1	88	1	831	1	-471	1	955	1	119.5	1	4	1	7:53
S254	019-4	C	8/5/2014	-174.5329125	-4.71376752		188.73	1	76	1	730	1	-482	1	875	1	123.4	1	4	1	7:53
S254	019-4	C	8/5/2014	-174.5329125	-4.71376752		198.73	1	64	1	685	1	-518	1	859	1	127.1	1	4	1	7:53
S254	019-4	C	8/5/2014	-174.5329125	-4.71376752		208.73	1	57	1	632	1	-537	1	829	1	130.4	1	4	1	7:53
S254	019-4	C	8/5/2014	-174.5329125	-4.71376752		218.73	1	58	1	621	1	-509	1	803	1	129.3	1	4	1	7:53
S254	019-4	C	8/5/2014	-174.5329125	-4.71376752		228.73	1	58	1	620	1	-449	1	766	1	125.9	1	4	1	7:53
S254	019-4	C	8/5/2014	-174.5329125	-4.71376752		238.73	1	50	1	637	1	-364	1	734	1	119.7	1	4	1	7:53
S254	019-4	C	8/5/2014	-174.5329125	-4.71376752		248.73	1	41	1	696	1	-344	1	776	1	116.3	1	4	1	7:53
S254	019-4	C	8/5/2014	-174.5329125	-4.71376752		258.73	1	36	1	764	1	-366	1	847	1	115.6	1	4	1	7:53
S254	019-4	C	8/5/2014	-174.5329125	-4.71376752		268.73	1	34	1	776	1	-363	1	857	1	115.1	1	4	1	7:53
S254	019-4	C	8/5/2014	-174.5329125	-4.71376752		278.73	1	34	1	781	1	-367	1	863	1	115.2	1	4	1	7:53
S254	019-4	C	8/5/2014	-174.5329125	-4.71376752		288.73	1	34	1	783	1	-386	1	873	1	116.2	1	4	1	7:53
S254	019-4	C	8/5/2014	-174.5329125	-4.71376752		298.73	1	34	1	740	1	-361	1	823	1	116	1	4	1	7:53
S254	019-4	C	8/5/2014	-174.5329125	-4.71376752		308.73	1	34	1	731	1	-325	1	800	1	114	1	4	1	7:53
S254	019-5	C	8/5/2014	-174.5298103	-4.71300451		18.73	1	161	1	411	1	149	1	437	1	70.1	1	5	1	8:13
S254	019-5	C	8/5/2014	-174.5298103	-4.71300451		28.73	1	150	1	421	1	144	1	445	1	71.1	1	5	1	8:13
S254	019-5	C	8/5/2014	-174.5298103	-4.71300451		38.73	1	140	1	426	1	144	1	450	1	71.3	1	5	1	8:13
S254	019-5	C	8/5/2014	-174.5298103	-4.71300451		48.73	1	135	1	462	1	137	1	482	1	73.5	1	5	1	8:13
S254	019-5	C	8/5/2014	-174.5298103	-4.71300451		58.73	1	128	1	487	1	134	1	505	1	74.6	1	5	1	8:13
S254	019-5	C	8/5/2014	-174.5298103	-4.71300451		68.73	1	123	1	460	1	147	1	483	1	72.3	1	5	1	8:13
S254	019-5	C	8/5/2014	-174.5298103	-4.71300451		78.73	1	119	1	449	1	130	1	467	1	73.9	1	5	1	8:13
S254	019-5	C	8/5/2014	-174.5298103	-4.71300451		88.73	1	114	1	471	1	131	1	489	1	74.5	1	5	1	8:13
S254	019-5	C	8/5/2014	-174.5298103	-4.71300451		98.73	1	108	1	433	1	158	1	461	1	70	1	5	1	8:13
S254	019-5	C	8/5/2014	-174.5298103	-4.71300451		108.73	1	103	1	401	1	242	1	468	1	58.9	1	5	1	8:13
S254	019-5	C	8/5/2014	-174.5298103	-4.71300451		118.73	1	105	1	471	1	169	1	500	1	70.3	1	5	1	8:13
S254	019-5	C	8/5/2014	-174.5298103	-4.71300451		128.73	1	106	1	529	1	174	1	557	1	71.8	1	5	1	8:13
S254	019-5	C	8/5/2014	-174.5298103	-4.71300451		138.73	1	104	1	563	1	135	1	579	1	76.5	1	5	1	8:13
S254	019-5	C	8/5/2014	-174.5298103	-4.71300451		148.73	1	103	1	590	1	12	1	590	1	88.8	1	5	1	8:13
S254	019-5	C	8/5/2014	-174.5298103	-4.71300451		158.73	1	98	1	582	1	62	1	585	1	83.9	1	5	1	8:13
S254	019-5	C	8/5/2014	-174.5298103	-4.71300451		168.73	1	94	1	565	1	80	1	571	1	81.9	1	5	1	8:13
S254	019-5	C	8/5/2014	-174.5298103	-4.71300451		178.73	1	83	1	517	1	39	1	518	1	85.7	1	5	1	8:13
S254	019-5	C	8/5/2014	-174.5298103	-4.71300451		188.73	1	72	1	440	1	65	1	445	1	81.6	1	5	1	8:13
S254	019-5	C	8/5/2014	-174.5298103	-4.71300451		198.73	1	63	1	407	1	69	1	413	1	80.4	1	5	1	8:13
S254	019-5	C	8/5/2014	-174.5298103	-4.71300451		208.73	1	57	1	359	1	64	1	365	1	79.9	1	5	1	8:13
S254	019-5	C	8/5/2014	-174.5298103	-4.71300451		218.73	1	55	1	334	1	82	1	344	1	76.2	1	5	1	8:13
S254	019-5	C	8/5/2014	-174.5298103	-4.71300451		228.73	1	51	1	335	1	178	1	379	1	62	1	5	1	8:13
S254	019-5	C	8/5/2014	-174.5298103	-4.71300451		238.73	1	45	1	372	1	218	1	431	1	59.6	1	5	1	8:13
S254	019-5	C	8/5/2014	-174.5298103	-4.71300451		248.73	1	39	1	451	1	246	1	514	1	61.4	1	5	1	8:13
S254	019-5	C	8/5/2014	-174.5298103	-4.71300451		258.73	1	36	1	483	1	241	1	540	1	63.5	1	5	1	8:13
S254	019-5	C	8/5/2014	-174.5298103	-4.71300451		268.73	1	35	1	499	1	208	1	541	1	67.4	1	5	1	8:13
S254	019-5	C	8/5/2014	-174.5298103	-4.71300451		278.73	1	34	1	490	1	186	1	524	1	69.2	1	5	1	8:13
S254	019-5	C	8/5/2014	-174.5298103	-4.71300451		288.73	1	35	1	477	1	201	1	518	1	67.2	1	5	1	8:13
S254	019-5	C	8/5/2014	-174.5298103	-4.71300451		298.73	1	35	1	483	1	211	1	527	1	66.4	1	5	1	8:13
S254	019-5	C	8/5/2014	-174.5298103	-4.71300451		308.73	1	36	1	464	1	239	1	522	1	62.7	1	5	1	8:13
S254	019-6	C	8/5/2014	-174.528521	-4.71300451		18.73	1	162	1	871	1	-871	1	1232	1	135	1	6	1	8:33
S254	019-6	C	8/5/2014	-174.528521	-4.71300451		28.73	1	150	1	869	1	-893	1	1246	1	135.8	1	6	1	8:33
S254	019-6	C	8/5/2014	-174.528521	-4.71300451		38.73	1	142	1	855	1	-912	1	1250	1	136.8	1	6	1	8:33
S254	019-6	C	8/5/2014	-174.528521	-4.71300451		48.73	1	135	1	866	1	-909	1	1255	1	136.4	1	6	1	8:33
S254	019-6	C	8/5/2014	-174.528521	-4.71300451		58.73	1	127	1	879	1	-931	1	1280	1	136.6	1	6	1	8:33
S254	019-6	C	8/5/2014	-174.528521	-4.71300451		68.73	1	122	1	870	1	-923	1	1268	1	136.7	1	6	1	8:33
S254	019-6	C	8/5/2014	-174.528521	-4.71300451		78.73	1	118	1	861	1	-915	1	1256	1	136.7	1	6	1	8:33
S254	019-6	C	8/5/2014	-174.528521	-4.71300451		88.73	1	113	1	870	1	-924	1	1269	1	136.7	1	6	1	8:33
S254	019-6	C	8/5/2014	-174.528521	-4.71300451		98.73	1	106	1	877	1	-900	1	1257	1	135.7	1	6	1	8:33
S254	019-6	C	8/5/2014	-174.528521	-4.71300451		108.73	1	103	1	919	1	-877	1	1270	1	133.7	1	6	1	8:33
S254	019-6	C	8/5/2014	-174.528521	-4.71300451		118.73	1	104	1	914	1	-929	1	1303	1	135.5	1	6	1	8:33
S254	019-6	C	8/5/2014	-174.528521	-4.71300451		128.73	1	104	1	904	1	-948	1	1310	1	136.4	1	6	1	8:33
S254	019-6	C	8/5/2014	-174.528521	-4.71300451		138.73	1	104	1	896	1	-970	1	1320	1	137.3	1	6	1	8:33
S254	019-6	C	8/5/2014	-174.528521	-4.71300451		148.73	1	103	1	909	1	-986	1	1341	1	137.3	1	6	1	8:33
S254	019-6	C	8/5/2014	-174.528521	-4.71300451		158.73	1	100	1	912	1	-954	1	1320	1	136.3	1	6	1	8:33
S254	019-6	C	8/5/2014	-174.528521	-4.71300451		168.73	1	94	1	918	1	-955	1	1325	1	136.1	1	6	1	8:33
S254	019-6	C	8/5/2014	-174.528521	-4.71300451		178.73	1	82	1	904	1	-970	1	1326	1	137	1	6	1	8:33
S254	019-6	C	8/5/2014	-174.528521	-4.71300451		188.73	1	70	1	881	1	-970	1	1310	1	137.8	1	6	1	8:33
S254	019-6	C	8/5/2014	-174.528521	-4.71300451		198.73	1	63	1	877	1	-929	1	1278	1	136.6	1	6	1	8:33
S254	019-6	C	8/5/2014	-174.528521	-4.71300451		208.73	1	58	1	868	1	-897	1	1248	1	135.9	1	6	1	8:33
S254	019-6	C	8/5/2014	-174.528521	-4.71300451		218.73	1	52	1	887	1	-845	1	1225	1	133.6	1	6	1	8:33
S254	019-6	C	8/5/2014	-174.528521	-4.71300451		228.73	1	48	1	922	1	-818	1	1233	1	131.6	1	6	1	8:33
S254	019-6	C	8/5/2014	-174.528521	-4.71300451		238.73	1	44	1	941	1	-814	1	1244	1	130.9	1	6	1	8:33
S254	019-6	C	8/5/2014	-174.528521	-4.71300451		248.73	1	39	1	971	1	-870	1	1304	1	131.9	1	6	1	8:33
S254	019-6	C	8/5/2014	-174.528521	-4.71300451		258.73	1	36	1	968	1	-921	1	1336	1	133.6	1	6	1	8:33
S254	019-6	C	8/5/2014	-174.528521	-4.71300451		268.73	1	33	1	946	1	-901	1	1306	1	133.6	1	6	1	8:33
S254	019-6	C	8/5/2014	-174.528521	-4.71300451		278.73	1	32	1	943	1	-894	1	1299	1	133.5	1	6	1	8:33
S254	019-6	C	8/5/2014	-174.528521	-4.71300451		288.73	1	32	1	934	1	-883	1	1285	1	133.4	1	6	1	8:33
S254	019-6	C	8/5/2014	-174.528521	-4.71300451		298.73	1	32	1	937	1	-899	1	1299	1	133.8	1	6	1	8:33
S254	019-6	C	8/5/2014	-174.528521	-4.71300451		308.73	1	31	1	936	1	-899	1	1298	1	133.8	1	6	1	8:33
S254	019-7	C	8/5/2014	-174.528521	-4.71300451		18.73	1	164	1	531	1	-617	1	814	1	139.3	1	7	1	8:53
S254	019-7	C	8/5/2014	-174.528521	-4.71300451		28.73	1	149	1	534	1	-613	1	813	1	138.9	1	7	1	8:53
S254	019-7	C	8/5/2014	-174.528521	-4.71300451		38.73	1	140	1	499	1	-620	1	796	1	141.2	1	7	1	8:53
S254	019-7	C	8/5/2014	-174.528521	-4.71300451		48.73	1	132	1	479	1	-646	1	804	1	143.4	1	7	1	8:53
S254	019-7	C	8/5/2014	-174.528521	-4.71300451		58.73	1	126	1	473	1	-644	1	799	1	143.7	1	7	1	8:53
S254	019-7	C	8/5/2014	-174.528521	-4.71300451		68.73	1	122	1	482	1	-625	1	789	1	142.4	1	7	1	8:53
S254	019-7	C	8/5/2014	-174.528521	-4.71300451		78.73	1	118	1	483	1	-613	1	780	1	141.8	1	7	1	8:53
S254	019-7	C	8/5/2014	-174.528521	-4.71300451		88.73	1	113	1	497	1	-616	1	791	1	141.1	1	7	1	8:53
S254	019-7	C	8/5/2014	-174.528521	-4.71300451		98.73	1	108	1	537	1	-627	1	826	1	139.4	1	7	1	8:53
S254	019-7	C	8/5/2014	-174.528521	-4.71300451		108.73	1	106	1	558	1	-661	1	865	1	139.8	1	7	1	8:53
S254	019-7	C	8/5/2014	-174.528521	-4.71300451		118.73	1	104	1	516	1	-675	1	850	1	142.6	1	7	1	8:53
S254	019-7	C	8/5/2014	-174.528521	-4.71300451		128.73	1	104	1	507	1	-701	1	865	1	144.1	1	7	1	8:53
S254	019-7	C	8/5/2014	-174.528521	-4.71300451		138.73	1	102	1	462	1	-701	1	840	1	146.6	1	7	1	8:53
S254	019-7	C	8/5/2014	-174.528521	-4.71300451		148.73	1	99	1	460	1	-693	1	832	1	146.4	1	7	1	8:53
S254	019-7	C	8/5/2014	-174.528521	-4.71300451		158.73	1	100	1	468	1	-666	1	814	1	144.9	1	7	1	8:53
S254	019-7	C	8/5/2014	-174.528521	-4.71300451		168.73	1	102	1	480	1	-620	1	784	1	142.3	1	7	1	8:53
S254	019-7	C	8/5/2014	-174.528521	-4.71300451		178.73	1	87	1	507	1	-613	1	795	1	140.4	1	7	1	8:53
S254	019-7	C	8/5/2014	-174.528521	-4.71300451		188.73	1	71	1	518	1	-660	1	839	1	141.9	1	7	1	8:53
S254	019-7	C	8/5/2014	-174.528521	-4.71300451		198.73	1	62	1	555	1	-636	1	844	1	138.9	1	7	1	8:53
S254	019-7	C	8/5/2014	-174.528521	-4.71300451		208.73	1	57	1	592	1	-609	1	849	1	135.8	1	7	1	8:53
S254	019-7	C	8/5/2014	-174.528521	-4.71300451		218.73	1	56	1	611	1	-600	1	856	1	134.5	1	7	1	8:53
S254	019-7	C	8/5/2014	-174.528521	-4.71300451		228.73	1	54	1	629	1	-601	1	870	1	133.7	1	7	1	8:53
S254	019-7	C	8/5/2014	-174.528521	-4.71300451		238.73	1	52	1	626	1	-627	1	886	1	135	1	7	1	8:53
S254	019-7	C	8/5/2014	-174.528521	-4.71300451		248.73	1	49	1	623	1	-633	1	888	1	135.5	1	7	1	8:53
S254	019-7	C	8/5/2014	-174.528521	-4.71300451		258.73	1	42	1	607	1	-650	1	889	1	137	1	7	1	8:53
S254	019-7	C	8/5/2014	-174.528521	-4.71300451		268.73	1	35	1	572	1	-661	1	874	1	139.1	1	7	1	8:53
S254	019-7	C	8/5/2014	-174.528521	-4.71300451		278.73	1	32	1	562	1	-640	1	852	1	138.7	1	7	1	8:53
S254	019-7	C	8/5/2014	-174.528521	-4.71300451		288.73	1	30	1	547	1	-618	1	825	1	138.5	1	7	1	8:53
S254	019-7	C	8/5/2014	-174.528521	-4.71300451		298.73	1	29	1	529	1	-641	1	831	1	140.5	1	7	1	8:53
S254	019-7	C	8/5/2014	-174.528521	-4.71300451		308.73	1	28	1	497	1	-648	1	817	1	142.5	1	7	1	8:53
S254	019-8	C	8/5/2014	-174.528521	-4.71300451		18.73	1	163	1	609	1	-672	1	907	1	137.8	1	8	1	9:13
S254	019-8	C	8/5/2014	-174.528521	-4.71300451		28.73	1	151	1	625	1	-662	1	910	1	136.6	1	8	1	9:13
S254	019-8	C	8/5/2014	-174.528521	-4.71300451		38.73	1	143	1	637	1	-661	1	918	1	136.1	1	8	1	9:13
S254	019-8	C	8/5/2014	-174.528521	-4.71300451		48.73	1	134	1	603	1	-649	1	886	1	137.1	1	8	1	9:13
S254	019-8	C	8/5/2014	-174.528521	-4.71300451		58.73	1	126	1	600	1	-624	1	866	1	136.1	1	8	1	9:13
S254	019-8	C	8/5/2014	-174.528521	-4.71300451		68.73	1	122	1	602	1	-633	1	874	1	136.4	1	8	1	9:13
S254	019-8	C	8/5/2014	-174.528521	-4.71300451		78.73	1	118	1	596	1	-644	1	877	1	137.2	1	8	1	9:13
S254	019-8	C	8/5/2014	-174.528521	-4.71300451		88.73	1	113	1	617	1	-656	1	901	1	136.8	1	8	1	9:13
S254	019-8	C	8/5/2014	-174.528521	-4.71300451		98.73	1	106	1	619	1	-694	1	930	1	138.3	1	8	1	9:13
S254	019-8	C	8/5/2014	-174.528521	-4.71300451		108.73	1	105	1	627	1	-744	1	973	1	139.9	1	8	1	9:13
S254	019-8	C	8/5/2014	-174.528521	-4.71300451		118.73	1	105	1	569	1	-677	1	884	1	140	1	8	1	9:13
S254	019-8	C	8/5/2014	-174.528521	-4.71300451		128.73	1	105	1	560	1	-676	1	878	1	140.4	1	8	1	9:13
S254	019-8	C	8/5/2014	-174.528521	-4.71300451		138.73	1	103	1	558	1	-731	1	920	1	142.6	1	8	1	9:13
S254	019-8	C	8/5/2014	-174.528521	-4.71300451		148.73	1	101	1	577	1	-634	1	857	1	137.7	1	8	1	9:13
S254	019-8	C	8/5/2014	-174.528521	-4.71300451		158.73	1	101	1	564	1	-645	1	857	1	138.8	1	8	1	9:13
S254	019-8	C	8/5/2014	-174.528521	-4.71300451		168.73	1	99	1	599	1	-664	1	894	1	137.9	1	8	1	9:13
S254	019-8	C	8/5/2014	-174.528521	-4.71300451		178.73	1	86	1	623	1	-700	1	937	1	138.3	1	8	1	9:13
S254	019-8	C	8/5/2014	-174.528521	-4.71300451		188.73	1	71	1	603	1	-730	1	947	1	140.4	1	8	1	9:13
S254	019-8	C	8/5/2014	-174.528521	-4.71300451		198.73	1	64	1	625	1	-725	1	957	1	139.2	1	8	1	9:13
S254	019-8	C	8/5/2014	-174.528521	-4.71300451		208.73	1	59	1	691	1	-757	1	1025	1	137.6	1	8	1	9:13
S254	019-8	C	8/5/2014	-174.528521	-4.71300451		218.73	1	54	1	686	1	-776	1	1036	1	138.5	1	8	1	9:13
S254	019-8	C	8/5/2014	-174.528521	-4.71300451		228.73	1	52	1	726	1	-813	1	1090	1	138.2	1	8	1	9:13
S254	019-8	C	8/5/2014	-174.528521	-4.71300451		238.73	1	50	1	702	1	-817	1	1077	1	139.3	1	8	1	9:13
S254	019-8	C	8/5/2014	-174.528521	-4.71300451		248.73	1	43	1	670	1	-804	1	1047	1	140.2	1	8	1	9:13
S254	019-8	C	8/5/2014	-174.528521	-4.71300451		258.73	1	36	1	629	1	-760	1	987	1	140.4	1	8	1	9:13
S254	019-8	C	8/5/2014	-174.528521	-4.71300451		268.73	1	32	1	640	1	-717	1	961	1	138.2	1	8	1	9:13
S254	019-8	C	8/5/2014	-174.528521	-4.71300451		278.73	1	32	1	642	1	-724	1	968	1	138.4	1	8	1	9:13
S254	019-8	C	8/5/2014	-174.528521	-4.71300451		288.73	1	32	1	636	1	-697	1	944	1	137.6	1	8	1	9:13
S254	019-8	C	8/5/2014	-174.528521	-4.71300451		298.73	1	30	1	650	1	-710	1	963	1	137.5	1	8	1	9:13
S254	019-8	C	8/5/2014	-174.528521	-4.71300451		308.73	1	28	1	637	1	-720	1	961	1	138.5	1	8	1	9:13
S254	019-9	C	8/5/2014	-174.528521	-4.71300451		18.73	1	163	1	66	1	-130	1	146	1	153.1	1	9	1	9:33
S254	019-9	C	8/5/2014	-174.528521	-4.71300451		28.73	1	149	1	60	1	-142	1	154	1	157.1	1	9	1	9:33
S254	019-9	C	8/5/2014	-174.528521	-4.71300451		38.73	1	142	1	30	1	-131	1	134	1	167.1	1	9	1	9:33
S254	019-9	C	8/5/2014	-174.528521	-4.71300451		48.73	1	134	1	1	1	-170	1	170	1	179.7	1	9	1	9:33
S254	019-9	C	8/5/2014	-174.528521	-4.71300451		58.73	1	126	1	20	1	-155	1	156	1	172.6	1	9	1	9:33
S254	019-9	C	8/5/2014	-174.528521	-4.71300451		68.73	1	122	1	17	1	-162	1	163	1	174	1	9	1	9:33
S254	019-9	C	8/5/2014	-174.528521	-4.71300451		78.73	1	118	1	17	1	-144	1	145	1	173.3	1	9	1	9:33
S254	019-9	C	8/5/2014	-174.528521	-4.71300451		88.73	1	113	1	14	1	-144	1	145	1	174.4	1	9	1	9:33
S254	019-9	C	8/5/2014	-174.528521	-4.71300451		98.73	1	107	1	56	1	-155	1	165	1	160.1	1	9	1	9:33
S254	019-9	C	8/5/2014	-174.528521	-4.71300451		108.73	1	104	1	90	1	-199	1	218	1	155.7	1	9	1	9:33
S254	019-9	C	8/5/2014	-174.528521	-4.71300451		118.73	1	104	1	35	1	-170	1	174	1	168.4	1	9	1	9:33
S254	019-9	C	8/5/2014	-174.528521	-4.71300451		128.73	1	105	1	16	1	-206	1	207	1	175.6	1	9	1	9:33
S254	019-9	C	8/5/2014	-174.528521	-4.71300451		138.73	1	103	1	60	1	-280	1	286	1	167.9	1	9	1	9:33
S254	019-9	C	8/5/2014	-174.528521	-4.71300451		148.73	1	100	1	6	1	-229	1	229	1	178.5	1	9	1	9:33
S254	019-9	C	8/5/2014	-174.528521	-4.71300451		158.73	1	99	1	23	1	-224	1	225	1	174.1	1	9	1	9:33
S254	019-9	C	8/5/2014	-174.528521	-4.71300451		168.73	1	99	1	41	1	-234	1	238	1	170.1	1	9	1	9:33
S254	019-9	C	8/5/2014	-174.528521	-4.71300451		178.73	1	92	1	57	1	-198	1	206	1	163.9	1	9	1	9:33
S254	019-9	C	8/5/2014	-174.528521	-4.71300451		188.73	1	77	1	84	1	-203	1	220	1	157.5	1	9	1	9:33
S254	019-9	C	8/5/2014	-174.528521	-4.71300451		198.73	1	64	1	120	1	-242	1	270	1	153.6	1	9	1	9:33
S254	019-9	C	8/5/2014	-174.528521	-4.71300451		208.73	1	58	1	173	1	-238	1	294	1	144	1	9	1	9:33
S254	019-9	C	8/5/2014	-174.528521	-4.71300451		218.73	1	53	1	223	1	-198	1	298	1	131.6	1	9	1	9:33
S254	019-9	C	8/5/2014	-174.528521	-4.71300451		228.73	1	52	1	246	1	-189	1	310	1	127.5	1	9	1	9:33
S254	019-9	C	8/5/2014	-174.528521	-4.71300451		238.73	1	51	1	251	1	-200	1	321	1	128.5	1	9	1	9:33
S254	019-9	C	8/5/2014	-174.528521	-4.71300451		248.73	1	46	1	238	1	-218	1	323	1	132.5	1	9	1	9:33
S254	019-9	C	8/5/2014	-174.528521	-4.71300451		258.73	1	38	1	178	1	-217	1	281	1	140.6	1	9	1	9:33
S254	019-9	C	8/5/2014	-174.528521	-4.71300451		268.73	1	34	1	145	1	-206	1	252	1	144.9	1	9	1	9:33
S254	019-9	C	8/5/2014	-174.528521	-4.71300451		278.73	1	33	1	104	1	-187	1	214	1	150.9	1	9	1	9:33
S254	019-9	C	8/5/2014	-174.528521	-4.71300451		288.73	1	31	1	92	1	-177	1	199	1	152.5	1	9	1	9:33
S254	019-9	C	8/5/2014	-174.528521	-4.71300451		298.73	1	30	1	72	1	-212	1	224	1	161.2	1	9	1	9:33
S254	019-9	C	8/5/2014	-174.528521	-4.71300451		308.73	1	28	1	66	1	-218	1	228	1	163.2	1	9	1	9:33
S254	019-10	C	8/5/2014	-174.528521	-4.71300451		18.73	1	164	1	75	1	-140	1	159	1	151.8	1	10	1	9:53
S254	019-10	C	8/5/2014	-174.528521	-4.71300451		28.73	1	149	1	82	1	-142	1	164	1	150	1	10	1	9:53
S254	019-10	C	8/5/2014	-174.528521	-4.71300451		38.73	1	140	1	35	1	-154	1	158	1	167.2	1	10	1	9:53
S254	019-10	C	8/5/2014	-174.528521	-4.71300451		48.73	1	132	1	-12	1	-169	1	169	1	184.1	1	10	1	9:53
S254	019-10	C	8/5/2014	-174.528521	-4.71300451		58.73	1	127	1	-12	1	-158	1	158	1	184.3	1	10	1	9:53
S254	019-10	C	8/5/2014	-174.528521	-4.71300451		68.73	1	122	1	2	1	-160	1	160	1	179.3	1	10	1	9:53
S254	019-10	C	8/5/2014	-174.528521	-4.71300451		78.73	1	119	1	3	1	-154	1	154	1	178.9	1	10	1	9:53
S254	019-10	C	8/5/2014	-174.528521	-4.71300451		88.73	1	114	1	12	1	-138	1	139	1	175	1	10	1	9:53
S254	019-10	C	8/5/2014	-174.528521	-4.71300451		98.73	1	108	1	25	1	-173	1	175	1	171.8	1	10	1	9:53
S254	019-10	C	8/5/2014	-174.528521	-4.71300451		108.73	1	104	1	58	1	-199	1	207	1	163.8	1	10	1	9:53
S254	019-10	C	8/5/2014	-174.528521	-4.71300451		118.73	1	104	1	-9	1	-161	1	161	1	183.2	1	10	1	9:53
S254	019-10	C	8/5/2014	-174.528521	-4.71300451		128.73	1	105	1	-43	1	-162	1	168	1	194.9	1	10	1	9:53
S254	019-10	C	8/5/2014	-174.528521	-4.71300451		138.73	1	103	1	-51	1	-170	1	177	1	196.7	1	10	1	9:53
S254	019-10	C	8/5/2014	-174.528521	-4.71300451		148.73	1	100	1	-132	1	-97	1	164	1	233.7	1	10	1	9:53
S254	019-10	C	8/5/2014	-174.528521	-4.71300451		158.73	1	99	1	-82	1	-51	1	97	1	238.1	1	10	1	9:53
S254	019-10	C	8/5/2014	-174.528521	-4.71300451		168.73	1	99	1	-45	1	-107	1	116	1	202.8	1	10	1	9:53
S254	019-10	C	8/5/2014	-174.528521	-4.71300451		178.73	1	96	1	-44	1	-91	1	101	1	205.8	1	10	1	9:53
S254	019-10	C	8/5/2014	-174.528521	-4.71300451		188.73	1	87	1	-3	1	-72	1	72	1	182.4	1	10	1	9:53
S254	019-10	C	8/5/2014	-174.528521	-4.71300451		198.73	1	73	1	22	1	-125	1	127	1	170	1	10	1	9:53
S254	019-10	C	8/5/2014	-174.528521	-4.71300451		208.73	1	61	1	60	1	-172	1	182	1	160.8	1	10	1	9:53
S254	019-10	C	8/5/2014	-174.528521	-4.71300451		218.73	1	55	1	118	1	-197	1	230	1	149.1	1	10	1	9:53
S254	019-10	C	8/5/2014	-174.528521	-4.71300451		228.73	1	51	1	149	1	-184	1	237	1	141	1	10	1	9:53
S254	019-10	C	8/5/2014	-174.528521	-4.71300451		238.73	1	49	1	206	1	-183	1	276	1	131.6	1	10	1	9:53
S254	019-10	C	8/5/2014	-174.528521	-4.71300451		248.73	1	49	1	185	1	-196	1	270	1	136.7	1	10	1	9:53
S254	019-10	C	8/5/2014	-174.528521	-4.71300451		258.73	1	44	1	138	1	-184	1	230	1	143.1	1	10	1	9:53
S254	019-10	C	8/5/2014	-174.528521	-4.71300451		268.73	1	35	1	96	1	-195	1	217	1	153.8	1	10	1	9:53
S254	019-10	C	8/5/2014	-174.528521	-4.71300451		278.73	1	31	1	71	1	-152	1	168	1	155	1	10	1	9:53
S254	019-10	C	8/5/2014	-174.528521	-4.71300451		288.73	1	28	1	35	1	-155	1	159	1	167.3	1	10	1	9:53
S254	019-10	C	8/5/2014	-174.528521	-4.71300451		298.73	1	26	1	13	1	-162	1	163	1	175.4	1	10	1	9:53
S254	019-10	C	8/5/2014	-174.528521	-4.71300451		308.73	1	25	1	1	1	-156	1	156	1	179.6	1	10	1	9:53
S254	019-11	C	8/5/2014	-174.528521	-4.71300451		18.73	1	164	1	89	1	-156	1	180	1	150.3	1	11	1	10:13
S254	019-11	C	8/5/2014	-174.528521	-4.71300451		28.73	1	149	1	79	1	-161	1	179	1	153.9	1	11	1	10:13
S254	019-11	C	8/5/2014	-174.528521	-4.71300451		38.73	1	140	1	55	1	-157	1	166	1	160.7	1	11	1	10:13
S254	019-11	C	8/5/2014	-174.528521	-4.71300451		48.73	1	132	1	7	1	-163	1	163	1	177.5	1	11	1	10:13
S254	019-11	C	8/5/2014	-174.528521	-4.71300451		58.73	1	126	1	26	1	-165	1	167	1	171	1	11	1	10:13
S254	019-11	C	8/5/2014	-174.528521	-4.71300451		68.73	1	122	1	19	1	-162	1	163	1	173.3	1	11	1	10:13
S254	019-11	C	8/5/2014	-174.528521	-4.71300451		78.73	1	120	1	31	1	-162	1	165	1	169.2	1	11	1	10:13
S254	019-11	C	8/5/2014	-174.528521	-4.71300451		88.73	1	114	1	46	1	-158	1	165	1	163.8	1	11	1	10:13
S254	019-11	C	8/5/2014	-174.528521	-4.71300451		98.73	1	108	1	55	1	-185	1	193	1	163.4	1	11	1	10:13
S254	019-11	C	8/5/2014	-174.528521	-4.71300451		108.73	1	107	1	59	1	-186	1	195	1	162.4	1	11	1	10:13
S254	019-11	C	8/5/2014	-174.528521	-4.71300451		118.73	1	105	1	-33	1	-120	1	124	1	195.4	1	11	1	10:13
S254	019-11	C	8/5/2014	-174.528521	-4.71300451		128.73	1	106	1	-95	1	-110	1	145	1	220.8	1	11	1	10:13
S254	019-11	C	8/5/2014	-174.528521	-4.71300451		138.73	1	104	1	-152	1	-154	1	216	1	224.6	1	11	1	10:13
S254	019-11	C	8/5/2014	-174.528521	-4.71300451		148.73	1	100	1	-220	1	-80	1	234	1	250	1	11	1	10:13
S254	019-11	C	8/5/2014	-174.528521	-4.71300451		158.73	1	102	1	-207	1	-51	1	213	1	256.2	1	11	1	10:13
S254	019-11	C	8/5/2014	-174.528521	-4.71300451		168.73	1	102	1	-156	1	-115	1	194	1	233.6	1	11	1	10:13
S254	019-11	C	8/5/2014	-174.528521	-4.71300451		178.73	1	95	1	-156	1	-131	1	204	1	230	1	11	1	10:13
S254	019-11	C	8/5/2014	-174.528521	-4.71300451		188.73	1	88	1	-130	1	-63	1	144	1	244.1	1	11	1	10:13
S254	019-11	C	8/5/2014	-174.528521	-4.71300451		198.73	1	80	1	-59	1	-99	1	115	1	210.8	1	11	1	10:13
S254	019-11	C	8/5/2014	-174.528521	-4.71300451		208.73	1	67	1	-16	1	-136	1	137	1	186.7	1	11	1	10:13
S254	019-11	C	8/5/2014	-174.528521	-4.71300451		218.73	1	57	1	44	1	-169	1	175	1	165.4	1	11	1	10:13
S254	019-11	C	8/5/2014	-174.528521	-4.71300451		228.73	1	52	1	104	1	-170	1	199	1	148.5	1	11	1	10:13
S254	019-11	C	8/5/2014	-174.528521	-4.71300451		238.73	1	48	1	152	1	-176	1	233	1	139.2	1	11	1	10:13
S254	019-11	C	8/5/2014	-174.528521	-4.71300451		248.73	1	42	1	135	1	-230	1	267	1	149.6	1	11	1	10:13
S254	019-11	C	8/5/2014	-174.528521	-4.71300451		258.73	1	35	1	77	1	-209	1	223	1	159.8	1	11	1	10:13
S254	019-11	C	8/5/2014	-174.528521	-4.71300451		268.73	1	31	1	41	1	-206	1	210	1	168.7	1	11	1	10:13
S254	019-11	C	8/5/2014	-174.528521	-4.71300451		278.73	1	30	1	63	1	-201	1	211	1	162.6	1	11	1	10:13
S254	019-11	C	8/5/2014	-174.528521	-4.71300451		288.73	1	28	1	23	1	-218	1	219	1	174	1	11	1	10:13
S254	019-11	C	8/5/2014	-174.528521	-4.71300451		298.73	1	25	1	-5	1	-226	1	226	1	181.3	1	11	1	10:13
S254	019-11	C	8/5/2014	-174.528521	-4.71300451		308.73	1	24	1	7	1	-205	1	205	1	178	1	11	1	10:13
																					
																					
																					
																					
																					
																					
																					
																					
																					
																					
																					
																					
																					
																					
																					
																					
																					
																					
																					
																					
																					
																					
																					
																					
																					
																					
																					
																					
																					
																					
																					
																					
																					
																					
																					
																					
																					
																					
																					
																					
																					
																					
																					
																					
																					
																					
																					
																					
																					
																					
																					
																					
																					
																					
																					
																					
																					
																					
																					
																					
																					
																					
																					
																					
																					
																					
																					
																					
																					
																					
																					
																					
																					
																					
																					
																					
																					
																					
																					
																					
																					
																					
																					
																					
																					
																					
																					
																					
																					
																					
																					
																					
																					
																					
																					
																					
																					
																					
																					
																					
																					
																					
																					
																					
																					
																					
																					
																					
																					
																					
																					
																					
																					
																					
																					
																					
																					
																					
																					
																					
																					
																					
																					
																					
																					
																					
																					
																					
																					
																					
																					
																					
																					
																					
																					
																					
																					
																					
																					
																					
																					
																					
																					
																					
																					
																					
																					
																					
																					
																					
																					
																					
																					
																					
																					
																					
																					
																					
																					
																					
																					
																					
																					
																					
																					
																					
																					
																					
																					
																					
																					
																					
																					
																					
																					
																					
																					
																					
																					
																					
																					
																					
																					
																					
																					
																					
																					
																					
																					
																					
																					
																					
																					
																					
																					
																					
																					
																					
																					
																					
																					
																					
																					
																					
																					
																					
																					
																					
																					
																					
																					
																					
																					
																					
																					
																					
																					
																					
																					
																					
																					
																					
																					
																					
																					
																					
																					
																					
																					
																					
																					
																					
																					
																					
																					
																					
																					
																					
																					
																					
																					
																					
																					
																					
																					
																					
																					
																					
																					
																					
																					
																					
																					
																					
																					
																					
																					
																					
																					
																					
																					
																					
																					
																					
																					
																					
																					
																					
																					
																					
																					
																					
																					
																					
																					
																					
																					
																					
																					
																					
																					
																					
																					
																					
																					
																					
																					
																					
																					
																					
																					
																					
																					
																					
																					
																					
																					
																					
																					
																					
																					
																					
																					
																					
																					
																					
																					
																					
																					
																					
																					
																					
																					
																					
																					
																					
																					
																					
																					
																					
																					
																					
																					
																					
																					
																					
																					
																					
																					
																					
																					
																					
																					
																					
																					
																					
																					
																					
																					
																					
																					
																					
																					
																					
																					
																					
																					
																					
																					
																					
																					
																					
																					
																					
																					
																					
																					
																					
																					
																					
																					
																					
																					
																					
																					
																					
																					
																					
																					
																					
																					
																					
																					
																					
																					
																					
																					
																					
																					
																					
																					
																					
																					
																					
																					
																					
																					
																					
																					
																					
																					
																					
																					
																					
																					
																					
																					
																					
																					
																					
																					
																					
																					
																					
																					
																					
																					
																					
																					
																					
																					
																					
																					
																					
																					
																					
																					
																					
																					
																					
																					
																					
																					
																					
																					
																					
																					
																					
																					
																					
																					
																					
																					
																					
																					
																					
																					
																					
																					
																					
																					
																					
																					
																					
																					
																					
																					
																					
																					
																					
																					
																					
																					
																					
																					
																					
																					
																					
																					
																					
																					
																					
																					
																					
																					
																					
																					
																					
																					
																					
																					
																					
																					
																					
																					
																					
																					
																					
																					
																					
																					
																					
																					
																					
																					
																					
																					
																					
																					
																					
																					
																					
																					
																					
																					
																					
																					
																					
																					
																					
																					
																					
																					
																					
																					
																					
																					
																					
																					
																					
																					
																					
																					
																					
																					
																					
																					
																					
																					
																					
																					
																					
																					
																					
																					
																					
																					
																					
																					
																					
																					
																					
																					
																					
																					
																					
																					
																					
																					
																					
																					
																					
																					
																					
																					
																					
																					
																					
																					
																					
																					
																					
																					
																					
																					
																					
																					
																					
																					
																					
																					
																					
																					
																					
																					
																					
																					
																					
																					
																					
																					
																					
																					
																					
																					
																					
																					
																					
																					
																					
																					
																					
																					
																					
																					
																					
																					
																					
																					
																					
																					
																					
																					
																					
																					
																					
																					
																					
																					
																					
																					
																					
																					
																					
																					
																					
																					
																					
																					
																					
																					
																					
																					
																					
																					
																					
																					
																					
																					
																					
																					
																					
																					
																					
																					
																					
																					
																					
																					
																					
																					
																					
																					
																					
																					
																					
																					
																					
																					
																					
																					
																					
																					
																					
																					
																					
																					
																					
																					
																					
																					
																					
																					
																					
																					
																					
																					
																					
																					
																					
																					
																					
																					
																					
																					
																					
																					
																					
																					
																					
																					
																					
																					
																					
																					
																					
																					
																					
																					
																					
																					
																					
																					
																					
																					
																					
																					
																					
																					
																					
																					
																					
																					
																					
																					
																					
																					
																					
																					
																					
																					
																					
																					
																					
																					
																					
																					
																					
																					
																					
																					
																					
																					
																					
																					
																					
																					
																					
																					
																					
																					
																					
																					
																					
																					
																					
																					
																					
																					
																					
																					
																					
																					
																					
																					
																					
																					
																					
																					
																					
																					
																					
																					
																					
																					
																					
																					
																					
																					
																					
																					
																					
																					
																					
																					
																					
																					
																					
																					
																					
																					
																					
																					
																					
																					
																					
																					
																					
																					
																					
																					
																					
																					
																					
																					
																					
																					
																					
																					
																					
																					
																					
																					
																					
																					
																					
																					
																					
																					
																					
																					
																					
																					
																					
																					
																					
																					
																					
																					
																					
																					
																					
																					
																					
																					
																					
																					
																					
																					
																					
																					
																					
																					
																					
																					
																					
																					
																					
																					
																					
																					
																					
																					
																					
																					
																					
																					
																					
																					
																					
																					
																					
																					
																					
																					
																					
																					
																					
																					
																					
																					
																					
																					
																					
																					
																					
																					
																					
																					
																					
																					
																					
																					
																					
																					
																					
																					
																					
																					
																					
																					
																					
																					
																					
																					
																					
																					
																					
																					
																					
																					
																					
																					
																					
																					
																					
																					
																					
																					
																					
																					
																					
																					
																					
																					
																					
																					
																					
																					
																					
																					
																					
																					
																					
																					
																					
																					
																					
																					
																					
																					
																					
																					
																					
																					
																					
																					
																					
																					
																					
																					
																					
																					
																					
																					
																					
																					
																					
																					
																					
																					
																					
																					
																					
																					
																					
																					
																					
																					
																					
																					
																					
																					
																					
																					
																					
																					
																					
																					
																					
																					
																					
																					
																					
																					
																					
																					
																					
																					
																					
																					
																					
																					
																					
																					
																					
																					
																					
																					
																					
																					
																					
																					
																					
																					
																					
																					
																					
																					
																					
																					
																					
																					
																					
																					
																					
																					
																					
																					
																					
																					
																					
																					
																					
																					
																					
																					
																					
																					
																					
																					
																					
																					
																					
																					
																					
																					
																					
																					
																					
																					
																					
																					
																					
																					
																					
																					
																					
																					
																					
																					
																					
																					
																					
																					
																					
																					
																					
																					
																					
																					
																					
																					
																					
																					
																					
																					
																					
																					
																					
																					
																					
																					
																					
																					
																					
																					
																					
																					
																					
																					
																					
																					
																					
																					
																					
																					
																					
																					
																					
																					
																					
																					
																					
																					
																					
																					
																					
																					
																					
																					
																					
																					
																					
																					
																					
																					
																					
																					
																					
																					
																					
																					
																					
																					
																					
																					
																					
																					
																					
																					
																					
																					
																					
																					
																					
																					
																					
																					
																					
																					
																					
																					
																					
																					
																					
																					
																					
																					
																					
																					
																					
																					
																					
																					
																					
																					
																					
																					
																					
																					
																					
																					
																					
																					
																					
																					
																					
																					
																					
																					
																					
																					
																					
																					
																					
																					
																					
																					
																					
																					
																					
																					
																					
																					
																					
																					
																					
																					
																					
																					
																					
																					
																					
																					
																					
																					
																					
																					
																					
																					
																					
																					
																					
																					
																					
																					
																					
																					
																					
																					
																					
																					
																					
																					
																					
																					
																					
																					
																					
																					
																					
																					
																					
																					
																					
																					
																					
																					
																					
																					
																					
																					
																					
																					
																					
																					
																					
																					
																					
																					
																					
																					
																					
																					
																					
																					
																					
																					
																					
																					
																					
																					
																					
																					
																					
																					
																					
																					
																					
																					
																					
																					
																					
																					
																					
																					
																					
																					
																					
																					
																					
																					
																					
																					
																					
																					
																					
																					
																					
																					
																					
																					
																					
																					
																					
																					
																					
																					
																					
																					
																					
																					
																					
																					
																					
																					
																					
																					
																					
																					
																					
																					
																					
																					
																					
																					
																					
																					
																					
																					
																					
																					
																					
																					
																					
																					
																					
																					
																					
																					
																					
																					
																					
																					
																					
																					
																					
																					
																					
																					
																					
																					
																					
																					
																					
																					
																					
																					
																					
																					
																					
																					
																					
																					
																					
																					
																					
																					
																					
																					
																					
																					
																					
																					
																					
																					
																					
																					
																					
																					
																					
																					
																					
																					
																					
																					
																					
																					
																					
																					
																					
																					
																					
																					
																					
																					
																					
																					
																					
																					
																					
																					
																					
																					
																					
																					
																					
																					
																					
																					
																					
																					
																					
																					
																					
																					
																					
																					
																					
																					
																					
																					
																					
																					
																					
																					
																					
																					
																					
																					
																					
																					
																					
																					
																					
																					
																					
																					
																					
																					
																					
																					
																					
																					
																					
																					
																					
																					
																					
																					
																					
																					
																					
																					
																					
																					
																					
																					
																					
																					
																					
																					
																					
																					
																					
																					
																					
																					
																					
																					
																					
																					
																					
																					
																					
																					
																					
																					
																					
																					
																					
																					
																					
																					
																					
																					
																					
																					
																					
																					
																					
																					
																					
																					
																					
																					
																					
																					
																					
																					
																					
																					
																					
																					
																					
																					
																					
																					
																					
																					
																					
																					
																					
																					
																					
																					
																					
																					
																					
																					
																					
																					
																					
																					
																					
																					
																					
																					
																					
																					
																					
																					
																					
																					
																					
																					
																					
																					
																					
																					
																					
																					
																					
																					
																					
																					
																					
																					
																					
																					
																					
																					
																					
																					
																					
																					
																					
																					
																					
																					
																					
																					
																					
																					
																					
																					
																					
																					
																					
																					
																					
																					
																					
																					
																					
																					
																					
																					
																					
																					
																					
																					
																					
																					
																					
																					
																					
																					
																					
																					
																					
																					
																					
																					
																					
																					
																					
																					
																					
																					
																					
																					
																					
																					
																					
																					
																					
																					
																					
																					
																					
																					
																					
																					
																					
																					
																					
																					
																					
																					
																					
																					
																					
																					
																					
																					
																					
																					
																					
																					
																					
																					
																					
																					
																					
																					
																					
																					
																					
																					
																					
																					
																					
																					
																					
																					
																					
																					
																					
																					
																					
																					
																					
																					
																					
																					
																					
																					
																					
																					
																					
																					
																					
																					
																					
																					
																					
																					
																					
																					
																					
																					
																					
																					
																					
																					
																					
																					
																					
																					
																					
																					
																					
																					
																					
																					
																					
																					
																					
																					
																					
																					
																					
																					
																					
																					
																					
																					
																					
																					
																					
																					
																					
																					
																					
																					
																					
																					
																					
																					
																					
																					
																					
																					
																					
																					
																					
																					
																					
																					
																					
																					
																					
																					
																					
																					
																					
																					
																					
																					
																					
																					
																					
																					
																					
																					
																					
																					
																					
																					
																					
																					
																					
																					
																					
																					
																					
																					
																					
																					
																					
																					
																					
																					
																					
																					
																					
																					
																					
																					
																					
																					
																					
																					
																					
																					
																					
																					
																					
																					
																					
																					
																					
																					
																					
																					
																					
																					
																					
																					
																					
																					
																					
																					
																					
																					
																					
																					
																					
																					
																					
																					
																					
																					
																					
																					
																					
																					
																					
																					
																					
																					
																					
																					
																					
																					
																					
																					
																					
																					
																					
																					
																					
																					
																					
																					
																					
																					
																					
																					
																					
																					
																					
																					
																					
																					
																					
																					
																					
																					
																					
																					
																					
																					
																					
																					
																					
																					
																					
																					
																					
																					
																					
																					
																					
																					
																					
																					
																					
																					
																					
																					
																					
																					
																					
																					
																					
																					
																					
																					
																					
																					
																					
																					
																					
																					
																					
																					
																					
																					
																					
																					
																					
																					
																					
																					
																					
																					
																					
																					
																					
																					
																					
																					
																					
																					
																					
																					
																					
																					
																					
																					
																					
																					
																					
																					
																					
																					
																					
																					
																					
																					
																					
																					
																					
																					
																					
																					
																					
																					
																					
																					
																					
																					
																					
																					
																					
																					
																					
																					
																					
																					
																					
																					
																					
																					
																					
																					
																					
																					
																					
																					
																					
																					
																					
																					
																					
																					
																					
																					
																					
																					
																					
																					
																					
																					
																					
																					
																					
																					
																					
																					
																					
																					
																					
																					
																					
																					
																					
																					
																					
																					
																					
																					
																					
																					
																					
																					
																					
																					
																					
																					
																					
																					
																					
																					
																					
																					
																					
																					
																					
																					
																					
																					
																					
																					
																					
																					
																					
																					
																					
																					
																					
																					
																					
																					
																					
																					
																					
																					
																					
																					
																					
																					
																					
																					
																					
																					
																					
																					
																					
																					
																					
																					
																					
																					
																					
																					
																					
																					
																					
																					
																					
																					
																					
																					
																					
																					
																					
																					
																					
																					
																					
																					
																					
																					
																					
																					
																					
																					
																					
																					
																					
																					
																					
																					
																					
																					
																					
																					
																					
																					
																					
																					
																					
																					
																					
																					
																					
																					
																					
																					
																					
																					
																					
																					
																					
																					
																					
																					
																					
																					
																					
																					
																					
																					
																					
																					
																					
																					
																					
																					
																					
																					
																					
																					
																					
																					
																					
																					
																					
																					
																					
																					
																					
																					
																					
																					
																					
																					
																					
																					
																					
																					
																					
																					
																					
																					
																					
																					
																					
																					
																					
																					
																					
																					
																					
																					
																					
																					
																					
																					
																					
																					
																					
																					
																					
																					
																					
																					
																					
																					
																					
																					
																					
																					
																					
																					
																					
																					
																					
																					
																					
																					
																					
																					
																					
																					
																					
																					
																					
																					
																					
																					
																					
																					
																					
																					
																					
																					
																					
																					
																					
																					
																					
																					
																					
																					
																					
																					
																					
																					
																					
																					
																					
																					
																					
																					
																					
																					
																					
																					
																					
																					
																					
																					
																					
																					
																					
																					
																					
																					
																					
																					
																					
																					
																					
																					
																					
																					
																					
																					
																					
																					
																					
																					
																					
																					
																					
																					
																					
																					
																					
																					
																					
																					
																					
																					
																					
																					
																					
																					
																					
																					
																					
																					
																					
																					
																					
																					
																					
																					
																					
																					
																					
																					
																					
																					
																					
																					
																					
																					
																					
																					
																					
																					
																					
																					
																					
																					
																					
																					
																					
																					
																					
																					
																					
																					
																					
																					
																					
																					
																					
																					
																					
																					
																					
																					
																					
																					
																					
																					
																					
																					
																					
																					
																					
																					
																					
																					
																					
																					
																					
																					
																					
																					
																					
																					
																					
																					
																					
																					
																					
																					
																					
																					
																					
																					
																					
																					
																					
																					
																					
																					
																					
																					
																					
																					
																					
																					
																					
																					
																					
																					
																					
																					
																					
																					
																					
																					
																					
																					
																					
																					
																					
																					
																					
																					
																					
																					
																					
																					
																					
																					
																					
																					
																					
																					
																					
																					
																					
																					
																					
																					
																					
																					
																					
																					
																					
																					
																					
																					
																					
																					
																					
																					
																					
																					
																					
																					
																					
																					
																					
																					
																					
																					
																					
																					
																					
																					
																					
																					
																					
																					
																					
																					
																					
																					
																					
																					
																					
																					
																					
																					
																					
																					
																					
																					
																					
																					
																					
																					
																					
																					
																					
																					
																					
																					
																					
																					
																					
																					
																					
																					
																					
																					
																					
																					
																					
																					
																					
																					
																					
																					
																					
																					
																					
																					
																					
																					
																					
																					
																					
																					
																					
																					
																					
																					
																					
																					
																					
																					
																					
																					
																					
																					
																					
																					
																					
																					
																					
																					
																					
																					
																					
																					
																					
																					
																					
																					
																					
																					
																					
																					
																					
																					
																					
																					
																					
																					
																					
																					
																					
																					
																					
																					
																					
																					
																					
																					
																					
																					
																					
																					
																					
																					
																					
																					
																					
																					
																					
																					
																					
																					
																					
																					
																					
																					
																					
																					
																					
																					
																					
																					
																					
																					
																					
																					
																					
																					
