Cruise	Station	Type	mon/day/yr	Lon (°E)	Lat (°N)	Bot. Depth [m]	Depth [m]	QF	Echo Amplitude [counts]	QF	East Component [mm/s]	QF	North Component [mm/s]	QF	Magnitude [mm/s]	QF	Direction [deg]	QF	Ensemble	QF	hh:mm
S254	019-1	C	8/5/2014	-174.541138	-4.7040855		318.73	1	35	1	615	1	-323	1	695	1	117.7	1	1	1	6:53
S254	019-1	C	8/5/2014	-174.541138	-4.7040855		328.73	1	34	1	602	1	-337	1	690	1	119.2	1	1	1	6:53
S254	019-1	C	8/5/2014	-174.541138	-4.7040855		338.73	1	31	1	591	1	-334	1	679	1	119.5	1	1	1	6:53
S254	019-1	C	8/5/2014	-174.541138	-4.7040855		348.73	1	28	1	591	1	-339	1	681	1	119.8	1	1	1	6:53
S254	019-1	C	8/5/2014	-174.541138	-4.7040855		358.73	1	28	1	577	1	-348	1	674	1	121.1	1	1	1	6:53
S254	019-1	C	8/5/2014	-174.541138	-4.7040855		368.73	1	27	1	554	1	-366	1	664	1	123.5	1	1	1	6:53
S254	019-1	C	8/5/2014	-174.541138	-4.7040855		378.73	1	26	1	544	1	-400	1	675	1	126.3	1	1	1	6:53
S254	019-1	C	8/5/2014	-174.541138	-4.7040855		388.73	1	24	1	524	1	-381	1	648	1	126	1	1	1	6:53
S254	019-1	C	8/5/2014	-174.541138	-4.7040855		398.73	1	23	1	518	1	-382	1	644	1	126.4	1	1	1	6:53
S254	019-1	C	8/5/2014	-174.541138	-4.7040855		408.73	1	22	1	531	1	-371	1	648	1	124.9	1	1	1	6:53
S254	019-1	C	8/5/2014	-174.541138	-4.7040855		418.73	1	22	1	480	1	-384	1	615	1	128.7	1	1	1	6:53
S254	019-1	C	8/5/2014	-174.541138	-4.7040855		428.73	1	22	1	506	1	-403	1	647	1	128.5	1	1	1	6:53
S254	019-1	C	8/5/2014	-174.541138	-4.7040855		438.73	1	23	1	495	1	-372	1	619	1	126.9	1	1	1	6:53
S254	019-1	C	8/5/2014	-174.541138	-4.7040855		448.73	1	24	1	491	1	-390	1	627	1	128.5	1	1	1	6:53
S254	019-1	C	8/5/2014	-174.541138	-4.7040855		458.73	1	27	1	485	1	-394	1	625	1	129.1	1	1	1	6:53
S254	019-1	C	8/5/2014	-174.541138	-4.7040855		468.73	1	28	1	491	1	-393	1	629	1	128.7	1	1	1	6:53
S254	019-1	C	8/5/2014	-174.541138	-4.7040855		478.73	1	28	1	482	1	-389	1	619	1	128.9	1	1	1	6:53
S254	019-1	C	8/5/2014	-174.541138	-4.7040855		488.73	1	28	1	490	1	-366	1	612	1	126.8	1	1	1	6:53
S254	019-1	C	8/5/2014	-174.541138	-4.7040855		498.73	1	26	1	490	1	-370	1	614	1	127.1	1	1	1	6:53
S254	019-1	C	8/5/2014	-174.541138	-4.7040855		508.73	1	24	1	499	1	-408	1	645	1	129.3	1	1	1	6:53
S254	019-1	C	8/5/2014	-174.541138	-4.7040855		518.73	1	22	1	494	1	-403	1	638	1	129.2	1	1	1	6:53
S254	019-1	C	8/5/2014	-174.541138	-4.7040855		528.73	1	20	1	521	1	-429	1	675	1	129.5	1	1	1	6:53
S254	019-1	C	8/5/2014	-174.541138	-4.7040855		538.73	1	20	1	533	1	-412	1	674	1	127.7	1	1	1	6:53
S254	019-1	C	8/5/2014	-174.541138	-4.7040855		548.73	1	18	1	536	1	-397	1	667	1	126.5	1	1	1	6:53
S254	019-1	C	8/5/2014	-174.541138	-4.7040855		558.73	1	18	1	608	1	-407	1	732	1	123.8	1	1	1	6:53
S254	019-1	C	8/5/2014	-174.541138	-4.7040855		568.73	1	17	1	505	1	-424	1	659	1	130	1	1	1	6:53
S254	019-1	C	8/5/2014	-174.541138	-4.7040855		578.73	1	15	1	572	1	-407	1	702	1	125.4	1	1	1	6:53
S254	019-1	C	8/5/2014	-174.541138	-4.7040855		588.73	1	14	1	546	1	-302	1	624	1	118.9	1	1	1	6:53
S254	019-1	C	8/5/2014	-174.541138	-4.7040855		598.73	1	14	1	928	1	-541	1	1074	1	120.2	1	1	1	6:53
S254	019-1	C	8/5/2014	-174.541138	-4.7040855		608.73	1	14	1	348	1	-965	1	1026	1	160.2	1	1	1	6:53
S254	019-2	C	8/5/2014	-174.5389794	-4.70690299		318.73	1	39	1	738	1	-279	1	789	1	110.7	1	2	1	7:13
S254	019-2	C	8/5/2014	-174.5389794	-4.70690299		328.73	1	36	1	727	1	-299	1	786	1	112.4	1	2	1	7:13
S254	019-2	C	8/5/2014	-174.5389794	-4.70690299		338.73	1	34	1	698	1	-302	1	761	1	113.4	1	2	1	7:13
S254	019-2	C	8/5/2014	-174.5389794	-4.70690299		348.73	1	31	1	672	1	-301	1	736	1	114.1	1	2	1	7:13
S254	019-2	C	8/5/2014	-174.5389794	-4.70690299		358.73	1	28	1	663	1	-334	1	742	1	116.7	1	2	1	7:13
S254	019-2	C	8/5/2014	-174.5389794	-4.70690299		368.73	1	27	1	647	1	-361	1	741	1	119.2	1	2	1	7:13
S254	019-2	C	8/5/2014	-174.5389794	-4.70690299		378.73	1	26	1	626	1	-360	1	722	1	119.9	1	2	1	7:13
S254	019-2	C	8/5/2014	-174.5389794	-4.70690299		388.73	1	25	1	635	1	-349	1	725	1	118.8	1	2	1	7:13
S254	019-2	C	8/5/2014	-174.5389794	-4.70690299		398.73	1	25	1	611	1	-344	1	701	1	119.4	1	2	1	7:13
S254	019-2	C	8/5/2014	-174.5389794	-4.70690299		408.73	1	23	1	629	1	-349	1	719	1	119	1	2	1	7:13
S254	019-2	C	8/5/2014	-174.5389794	-4.70690299		418.73	1	22	1	602	1	-356	1	699	1	120.6	1	2	1	7:13
S254	019-2	C	8/5/2014	-174.5389794	-4.70690299		428.73	1	22	1	609	1	-362	1	708	1	120.7	1	2	1	7:13
S254	019-2	C	8/5/2014	-174.5389794	-4.70690299		438.73	1	23	1	585	1	-362	1	688	1	121.7	1	2	1	7:13
S254	019-2	C	8/5/2014	-174.5389794	-4.70690299		448.73	1	26	1	589	1	-363	1	692	1	121.6	1	2	1	7:13
S254	019-2	C	8/5/2014	-174.5389794	-4.70690299		458.73	1	28	1	590	1	-349	1	685	1	120.6	1	2	1	7:13
S254	019-2	C	8/5/2014	-174.5389794	-4.70690299		468.73	1	30	1	595	1	-354	1	692	1	120.8	1	2	1	7:13
S254	019-2	C	8/5/2014	-174.5389794	-4.70690299		478.73	1	30	1	593	1	-345	1	686	1	120.2	1	2	1	7:13
S254	019-2	C	8/5/2014	-174.5389794	-4.70690299		488.73	1	29	1	608	1	-357	1	705	1	120.4	1	2	1	7:13
S254	019-2	C	8/5/2014	-174.5389794	-4.70690299		498.73	1	27	1	580	1	-373	1	690	1	122.7	1	2	1	7:13
S254	019-2	C	8/5/2014	-174.5389794	-4.70690299		508.73	1	25	1	588	1	-391	1	706	1	123.6	1	2	1	7:13
S254	019-2	C	8/5/2014	-174.5389794	-4.70690299		518.73	1	22	1	590	1	-383	1	703	1	123	1	2	1	7:13
S254	019-2	C	8/5/2014	-174.5389794	-4.70690299		528.73	1	20	1	585	1	-443	1	734	1	127.1	1	2	1	7:13
S254	019-2	C	8/5/2014	-174.5389794	-4.70690299		538.73	1	20	1	599	1	-384	1	712	1	122.7	1	2	1	7:13
S254	019-2	C	8/5/2014	-174.5389794	-4.70690299		548.73	1	19	1	589	1	-392	1	708	1	123.6	1	2	1	7:13
S254	019-2	C	8/5/2014	-174.5389794	-4.70690299		558.73	1	18	1	630	1	-362	1	727	1	119.9	1	2	1	7:13
S254	019-2	C	8/5/2014	-174.5389794	-4.70690299		568.73	1	18	1	647	1	-399	1	760	1	121.7	1	2	1	7:13
S254	019-2	C	8/5/2014	-174.5389794	-4.70690299		578.73	1	16	1	652	1	-382	1	756	1	120.4	1	2	1	7:13
S254	019-2	C	8/5/2014	-174.5389794	-4.70690299		588.73	1	16	1	716	1	-491	1	868	1	124.4	1	2	1	7:13
S254	019-2	C	8/5/2014	-174.5389794	-4.70690299		598.73	1	14	1	647	1	-128	1	660	1	101.2	1	2	1	7:13
S254	019-2	C	8/5/2014	-174.5389794	-4.70690299		608.73	1	14	1	715	1	-419	1	829	1	120.4	1	2	1	7:13
S254	019-3	C	8/5/2014	-174.5360513	-4.71108036		318.73	1	36	1	832	1	-513	1	977	1	121.7	1	3	1	7:33
S254	019-3	C	8/5/2014	-174.5360513	-4.71108036		328.73	1	36	1	821	1	-508	1	965	1	121.7	1	3	1	7:33
S254	019-3	C	8/5/2014	-174.5360513	-4.71108036		338.73	1	34	1	824	1	-526	1	978	1	122.6	1	3	1	7:33
S254	019-3	C	8/5/2014	-174.5360513	-4.71108036		348.73	1	33	1	833	1	-523	1	984	1	122.1	1	3	1	7:33
S254	019-3	C	8/5/2014	-174.5360513	-4.71108036		358.73	1	30	1	768	1	-531	1	934	1	124.7	1	3	1	7:33
S254	019-3	C	8/5/2014	-174.5360513	-4.71108036		368.73	1	28	1	749	1	-557	1	933	1	126.6	1	3	1	7:33
S254	019-3	C	8/5/2014	-174.5360513	-4.71108036		378.73	1	26	1	736	1	-576	1	935	1	128	1	3	1	7:33
S254	019-3	C	8/5/2014	-174.5360513	-4.71108036		388.73	1	24	1	708	1	-601	1	929	1	130.3	1	3	1	7:33
S254	019-3	C	8/5/2014	-174.5360513	-4.71108036		398.73	1	24	1	702	1	-596	1	921	1	130.3	1	3	1	7:33
S254	019-3	C	8/5/2014	-174.5360513	-4.71108036		408.73	1	22	1	714	1	-571	1	914	1	128.7	1	3	1	7:33
S254	019-3	C	8/5/2014	-174.5360513	-4.71108036		418.73	1	22	1	698	1	-584	1	910	1	129.9	1	3	1	7:33
S254	019-3	C	8/5/2014	-174.5360513	-4.71108036		428.73	1	22	1	701	1	-608	1	928	1	130.9	1	3	1	7:33
S254	019-3	C	8/5/2014	-174.5360513	-4.71108036		438.73	1	22	1	691	1	-578	1	901	1	129.9	1	3	1	7:33
S254	019-3	C	8/5/2014	-174.5360513	-4.71108036		448.73	1	23	1	701	1	-591	1	917	1	130.1	1	3	1	7:33
S254	019-3	C	8/5/2014	-174.5360513	-4.71108036		458.73	1	25	1	699	1	-589	1	914	1	130.1	1	3	1	7:33
S254	019-3	C	8/5/2014	-174.5360513	-4.71108036		468.73	1	27	1	686	1	-585	1	902	1	130.5	1	3	1	7:33
S254	019-3	C	8/5/2014	-174.5360513	-4.71108036		478.73	1	27	1	704	1	-581	1	913	1	129.5	1	3	1	7:33
S254	019-3	C	8/5/2014	-174.5360513	-4.71108036		488.73	1	27	1	715	1	-589	1	926	1	129.5	1	3	1	7:33
S254	019-3	C	8/5/2014	-174.5360513	-4.71108036		498.73	1	26	1	737	1	-621	1	964	1	130.1	1	3	1	7:33
S254	019-3	C	8/5/2014	-174.5360513	-4.71108036		508.73	1	24	1	713	1	-635	1	955	1	131.7	1	3	1	7:33
S254	019-3	C	8/5/2014	-174.5360513	-4.71108036		518.73	1	23	1	706	1	-635	1	950	1	132	1	3	1	7:33
S254	019-3	C	8/5/2014	-174.5360513	-4.71108036		528.73	1	20	1	693	1	-623	1	932	1	132	1	3	1	7:33
S254	019-3	C	8/5/2014	-174.5360513	-4.71108036		538.73	1	19	1	693	1	-666	1	961	1	133.9	1	3	1	7:33
S254	019-3	C	8/5/2014	-174.5360513	-4.71108036		548.73	1	18	1	715	1	-658	1	972	1	132.6	1	3	1	7:33
S254	019-3	C	8/5/2014	-174.5360513	-4.71108036		558.73	1	18	1	671	1	-637	1	925	1	133.5	1	3	1	7:33
S254	019-3	C	8/5/2014	-174.5360513	-4.71108036		568.73	1	17	1	729	1	-629	1	963	1	130.8	1	3	1	7:33
S254	019-3	C	8/5/2014	-174.5360513	-4.71108036		578.73	1	17	1	774	1	-614	1	988	1	128.4	1	3	1	7:33
S254	019-3	C	8/5/2014	-174.5360513	-4.71108036		588.73	1	16	1	762	1	-663	1	1010	1	131	1	3	1	7:33
S254	019-3	C	8/5/2014	-174.5360513	-4.71108036		598.73	1	15	1	843	1	-619	1	1046	1	126.3	1	3	1	7:33
S254	019-3	C	8/5/2014	-174.5360513	-4.71108036		608.73	1	14	1	907	1	-619	1	1098	1	124.3	1	3	1	7:33
S254	019-4	C	8/5/2014	-174.5329125	-4.71376752		318.73	1	35	1	748	1	-326	1	816	1	113.5	1	4	1	7:53
S254	019-4	C	8/5/2014	-174.5329125	-4.71376752		328.73	1	35	1	741	1	-328	1	810	1	113.9	1	4	1	7:53
S254	019-4	C	8/5/2014	-174.5329125	-4.71376752		338.73	1	35	1	760	1	-311	1	821	1	112.3	1	4	1	7:53
S254	019-4	C	8/5/2014	-174.5329125	-4.71376752		348.73	1	32	1	734	1	-316	1	799	1	113.3	1	4	1	7:53
S254	019-4	C	8/5/2014	-174.5329125	-4.71376752		358.73	1	29	1	726	1	-327	1	796	1	114.2	1	4	1	7:53
S254	019-4	C	8/5/2014	-174.5329125	-4.71376752		368.73	1	28	1	694	1	-347	1	776	1	116.6	1	4	1	7:53
S254	019-4	C	8/5/2014	-174.5329125	-4.71376752		378.73	1	26	1	669	1	-385	1	772	1	119.9	1	4	1	7:53
S254	019-4	C	8/5/2014	-174.5329125	-4.71376752		388.73	1	24	1	638	1	-397	1	751	1	121.9	1	4	1	7:53
S254	019-4	C	8/5/2014	-174.5329125	-4.71376752		398.73	1	22	1	625	1	-389	1	736	1	121.9	1	4	1	7:53
S254	019-4	C	8/5/2014	-174.5329125	-4.71376752		408.73	1	21	1	649	1	-376	1	750	1	120.1	1	4	1	7:53
S254	019-4	C	8/5/2014	-174.5329125	-4.71376752		418.73	1	20	1	637	1	-408	1	756	1	122.6	1	4	1	7:53
S254	019-4	C	8/5/2014	-174.5329125	-4.71376752		428.73	1	20	1	652	1	-414	1	772	1	122.4	1	4	1	7:53
S254	019-4	C	8/5/2014	-174.5329125	-4.71376752		438.73	1	21	1	625	1	-398	1	741	1	122.5	1	4	1	7:53
S254	019-4	C	8/5/2014	-174.5329125	-4.71376752		448.73	1	22	1	627	1	-406	1	747	1	122.9	1	4	1	7:53
S254	019-4	C	8/5/2014	-174.5329125	-4.71376752		458.73	1	24	1	642	1	-395	1	754	1	121.6	1	4	1	7:53
S254	019-4	C	8/5/2014	-174.5329125	-4.71376752		468.73	1	26	1	629	1	-399	1	745	1	122.4	1	4	1	7:53
S254	019-4	C	8/5/2014	-174.5329125	-4.71376752		478.73	1	27	1	602	1	-426	1	737	1	125.3	1	4	1	7:53
S254	019-4	C	8/5/2014	-174.5329125	-4.71376752		488.73	1	28	1	623	1	-421	1	752	1	124	1	4	1	7:53
S254	019-4	C	8/5/2014	-174.5329125	-4.71376752		498.73	1	27	1	636	1	-432	1	769	1	124.2	1	4	1	7:53
S254	019-4	C	8/5/2014	-174.5329125	-4.71376752		508.73	1	25	1	631	1	-467	1	785	1	126.5	1	4	1	7:53
S254	019-4	C	8/5/2014	-174.5329125	-4.71376752		518.73	1	22	1	613	1	-470	1	772	1	127.5	1	4	1	7:53
S254	019-4	C	8/5/2014	-174.5329125	-4.71376752		528.73	1	20	1	604	1	-459	1	759	1	127.2	1	4	1	7:53
S254	019-4	C	8/5/2014	-174.5329125	-4.71376752		538.73	1	18	1	616	1	-458	1	768	1	126.6	1	4	1	7:53
S254	019-4	C	8/5/2014	-174.5329125	-4.71376752		548.73	1	17	1	638	1	-427	1	768	1	123.8	1	4	1	7:53
S254	019-4	C	8/5/2014	-174.5329125	-4.71376752		558.73	1	17	1	653	1	-456	1	796	1	124.9	1	4	1	7:53
S254	019-4	C	8/5/2014	-174.5329125	-4.71376752		568.73	1	16	1	684	1	-433	1	810	1	122.3	1	4	1	7:53
S254	019-4	C	8/5/2014	-174.5329125	-4.71376752		578.73	1	15	1	623	1	-471	1	781	1	127.1	1	4	1	7:53
S254	019-4	C	8/5/2014	-174.5329125	-4.71376752		588.73	1	14	1	724	1	-368	1	812	1	116.9	1	4	1	7:53
S254	019-4	C	8/5/2014	-174.5329125	-4.71376752		598.73	1	14	1	763	1	-376	1	851	1	116.2	1	4	1	7:53
S254	019-4	C	8/5/2014	-174.5329125	-4.71376752		608.73	1	14	1	705	1	-487	1	857	1	124.6	1	4	1	7:53
S254	019-5	C	8/5/2014	-174.5298103	-4.71300451		318.73	1	35	1	474	1	266	1	544	1	60.7	1	5	1	8:13
S254	019-5	C	8/5/2014	-174.5298103	-4.71300451		328.73	1	36	1	466	1	280	1	544	1	59	1	5	1	8:13
S254	019-5	C	8/5/2014	-174.5298103	-4.71300451		338.73	1	34	1	446	1	262	1	517	1	59.6	1	5	1	8:13
S254	019-5	C	8/5/2014	-174.5298103	-4.71300451		348.73	1	32	1	463	1	271	1	536	1	59.7	1	5	1	8:13
S254	019-5	C	8/5/2014	-174.5298103	-4.71300451		358.73	1	30	1	419	1	249	1	487	1	59.3	1	5	1	8:13
S254	019-5	C	8/5/2014	-174.5298103	-4.71300451		368.73	1	27	1	387	1	209	1	440	1	61.6	1	5	1	8:13
S254	019-5	C	8/5/2014	-174.5298103	-4.71300451		378.73	1	25	1	340	1	205	1	397	1	58.9	1	5	1	8:13
S254	019-5	C	8/5/2014	-174.5298103	-4.71300451		388.73	1	25	1	319	1	185	1	369	1	59.9	1	5	1	8:13
S254	019-5	C	8/5/2014	-174.5298103	-4.71300451		398.73	1	24	1	313	1	179	1	361	1	60.2	1	5	1	8:13
S254	019-5	C	8/5/2014	-174.5298103	-4.71300451		408.73	1	22	1	301	1	197	1	360	1	56.8	1	5	1	8:13
S254	019-5	C	8/5/2014	-174.5298103	-4.71300451		418.73	1	21	1	309	1	199	1	368	1	57.2	1	5	1	8:13
S254	019-5	C	8/5/2014	-174.5298103	-4.71300451		428.73	1	21	1	296	1	179	1	346	1	58.8	1	5	1	8:13
S254	019-5	C	8/5/2014	-174.5298103	-4.71300451		438.73	1	22	1	306	1	197	1	364	1	57.2	1	5	1	8:13
S254	019-5	C	8/5/2014	-174.5298103	-4.71300451		448.73	1	24	1	293	1	213	1	362	1	54	1	5	1	8:13
S254	019-5	C	8/5/2014	-174.5298103	-4.71300451		458.73	1	26	1	332	1	197	1	386	1	59.3	1	5	1	8:13
S254	019-5	C	8/5/2014	-174.5298103	-4.71300451		468.73	1	27	1	301	1	212	1	368	1	54.8	1	5	1	8:13
S254	019-5	C	8/5/2014	-174.5298103	-4.71300451		478.73	1	28	1	319	1	203	1	378	1	57.5	1	5	1	8:13
S254	019-5	C	8/5/2014	-174.5298103	-4.71300451		488.73	1	28	1	315	1	200	1	373	1	57.6	1	5	1	8:13
S254	019-5	C	8/5/2014	-174.5298103	-4.71300451		498.73	1	27	1	297	1	199	1	358	1	56.2	1	5	1	8:13
S254	019-5	C	8/5/2014	-174.5298103	-4.71300451		508.73	1	26	1	284	1	172	1	332	1	58.8	1	5	1	8:13
S254	019-5	C	8/5/2014	-174.5298103	-4.71300451		518.73	1	24	1	266	1	148	1	304	1	60.9	1	5	1	8:13
S254	019-5	C	8/5/2014	-174.5298103	-4.71300451		528.73	1	21	1	287	1	142	1	320	1	63.7	1	5	1	8:13
S254	019-5	C	8/5/2014	-174.5298103	-4.71300451		538.73	1	19	1	271	1	154	1	312	1	60.4	1	5	1	8:13
S254	019-5	C	8/5/2014	-174.5298103	-4.71300451		548.73	1	18	1	301	1	110	1	320	1	69.9	1	5	1	8:13
S254	019-5	C	8/5/2014	-174.5298103	-4.71300451		558.73	1	17	1	296	1	122	1	320	1	67.6	1	5	1	8:13
S254	019-5	C	8/5/2014	-174.5298103	-4.71300451		568.73	1	16	1	360	1	130	1	383	1	70.1	1	5	1	8:13
S254	019-5	C	8/5/2014	-174.5298103	-4.71300451		578.73	1	15	1	296	1	163	1	338	1	61.2	1	5	1	8:13
S254	019-5	C	8/5/2014	-174.5298103	-4.71300451		588.73	1	15	1	448	1	105	1	460	1	76.8	1	5	1	8:13
S254	019-5	C	8/5/2014	-174.5298103	-4.71300451		598.73	1	14	1	309	1	189	1	362	1	58.5	1	5	1	8:13
S254	019-5	C	8/5/2014	-174.5298103	-4.71300451		608.73	1	14	1	392	1	176	1	430	1	65.8	1	5	1	8:13
S254	019-6	C	8/5/2014	-174.528521	-4.71300451		318.73	1	30	1	937	1	-899	1	1299	1	133.8	1	6	1	8:33
S254	019-6	C	8/5/2014	-174.528521	-4.71300451		328.73	1	30	1	947	1	-903	1	1309	1	133.6	1	6	1	8:33
S254	019-6	C	8/5/2014	-174.528521	-4.71300451		338.73	1	30	1	956	1	-883	1	1301	1	132.7	1	6	1	8:33
S254	019-6	C	8/5/2014	-174.528521	-4.71300451		348.73	1	29	1	933	1	-888	1	1288	1	133.6	1	6	1	8:33
S254	019-6	C	8/5/2014	-174.528521	-4.71300451		358.73	1	28	1	920	1	-875	1	1270	1	133.6	1	6	1	8:33
S254	019-6	C	8/5/2014	-174.528521	-4.71300451		368.73	1	26	1	894	1	-847	1	1232	1	133.5	1	6	1	8:33
S254	019-6	C	8/5/2014	-174.528521	-4.71300451		378.73	1	24	1	902	1	-849	1	1239	1	133.3	1	6	1	8:33
S254	019-6	C	8/5/2014	-174.528521	-4.71300451		388.73	1	24	1	905	1	-845	1	1238	1	133	1	6	1	8:33
S254	019-6	C	8/5/2014	-174.528521	-4.71300451		398.73	1	23	1	907	1	-836	1	1234	1	132.7	1	6	1	8:33
S254	019-6	C	8/5/2014	-174.528521	-4.71300451		408.73	1	22	1	881	1	-810	1	1197	1	132.6	1	6	1	8:33
S254	019-6	C	8/5/2014	-174.528521	-4.71300451		418.73	1	22	1	842	1	-842	1	1191	1	135	1	6	1	8:33
S254	019-6	C	8/5/2014	-174.528521	-4.71300451		428.73	1	23	1	892	1	-804	1	1201	1	132	1	6	1	8:33
S254	019-6	C	8/5/2014	-174.528521	-4.71300451		438.73	1	24	1	860	1	-809	1	1181	1	133.2	1	6	1	8:33
S254	019-6	C	8/5/2014	-174.528521	-4.71300451		448.73	1	25	1	873	1	-800	1	1184	1	132.5	1	6	1	8:33
S254	019-6	C	8/5/2014	-174.528521	-4.71300451		458.73	1	26	1	884	1	-786	1	1183	1	131.6	1	6	1	8:33
S254	019-6	C	8/5/2014	-174.528521	-4.71300451		468.73	1	26	1	867	1	-779	1	1166	1	131.9	1	6	1	8:33
S254	019-6	C	8/5/2014	-174.528521	-4.71300451		478.73	1	26	1	885	1	-826	1	1211	1	133	1	6	1	8:33
S254	019-6	C	8/5/2014	-174.528521	-4.71300451		488.73	1	25	1	901	1	-782	1	1193	1	131	1	6	1	8:33
S254	019-6	C	8/5/2014	-174.528521	-4.71300451		498.73	1	24	1	881	1	-829	1	1210	1	133.3	1	6	1	8:33
S254	019-6	C	8/5/2014	-174.528521	-4.71300451		508.73	1	22	1	880	1	-832	1	1211	1	133.4	1	6	1	8:33
S254	019-6	C	8/5/2014	-174.528521	-4.71300451		518.73	1	20	1	884	1	-830	1	1213	1	133.2	1	6	1	8:33
S254	019-6	C	8/5/2014	-174.528521	-4.71300451		528.73	1	18	1	888	1	-850	1	1229	1	133.7	1	6	1	8:33
S254	019-6	C	8/5/2014	-174.528521	-4.71300451		538.73	1	17	1	868	1	-790	1	1174	1	132.3	1	6	1	8:33
S254	019-6	C	8/5/2014	-174.528521	-4.71300451		548.73	1	16	1	857	1	-837	1	1198	1	134.3	1	6	1	8:33
S254	019-6	C	8/5/2014	-174.528521	-4.71300451		558.73	1	16	1	839	1	-838	1	1186	1	135	1	6	1	8:33
S254	019-6	C	8/5/2014	-174.528521	-4.71300451		568.73	1	15	1	777	1	-753	1	1082	1	134.1	1	6	1	8:33
S254	019-6	C	8/5/2014	-174.528521	-4.71300451		578.73	1	14	1	808	1	-944	1	1243	1	139.4	1	6	1	8:33
S254	019-6	C	8/5/2014	-174.528521	-4.71300451		588.73	1	14	1	873	1	-824	1	1200	1	133.3	1	6	1	8:33
S254	019-6	C	8/5/2014	-174.528521	-4.71300451		598.73	1	14	1	1229	1	-864	1	1502	1	125.1	1	6	1	8:33
S254	019-6	C	8/5/2014	-174.528521	-4.71300451		608.73	1	13	1	872	1	-853	1	1220	1	134.4	1	6	1	8:33
S254	019-7	C	8/5/2014	-174.528521	-4.71300451		318.73	1	27	1	509	1	-630	1	810	1	141.1	1	7	1	8:53
S254	019-7	C	8/5/2014	-174.528521	-4.71300451		328.73	1	27	1	517	1	-640	1	823	1	141.1	1	7	1	8:53
S254	019-7	C	8/5/2014	-174.528521	-4.71300451		338.73	1	25	1	543	1	-630	1	832	1	139.2	1	7	1	8:53
S254	019-7	C	8/5/2014	-174.528521	-4.71300451		348.73	1	24	1	507	1	-639	1	816	1	141.6	1	7	1	8:53
S254	019-7	C	8/5/2014	-174.528521	-4.71300451		358.73	1	22	1	549	1	-634	1	839	1	139.1	1	7	1	8:53
S254	019-7	C	8/5/2014	-174.528521	-4.71300451		368.73	1	20	1	594	1	-611	1	852	1	135.8	1	7	1	8:53
S254	019-7	C	8/5/2014	-174.528521	-4.71300451		378.73	1	21	1	575	1	-613	1	840	1	136.8	1	7	1	8:53
S254	019-7	C	8/5/2014	-174.528521	-4.71300451		388.73	1	23	1	561	1	-622	1	838	1	138	1	7	1	8:53
S254	019-7	C	8/5/2014	-174.528521	-4.71300451		398.73	1	26	1	597	1	-594	1	842	1	134.9	1	7	1	8:53
S254	019-7	C	8/5/2014	-174.528521	-4.71300451		408.73	1	27	1	621	1	-567	1	841	1	132.4	1	7	1	8:53
S254	019-7	C	8/5/2014	-174.528521	-4.71300451		418.73	1	28	1	608	1	-582	1	842	1	133.7	1	7	1	8:53
S254	019-7	C	8/5/2014	-174.528521	-4.71300451		428.73	1	29	1	620	1	-577	1	847	1	132.9	1	7	1	8:53
S254	019-7	C	8/5/2014	-174.528521	-4.71300451		438.73	1	30	1	639	1	-605	1	880	1	133.4	1	7	1	8:53
S254	019-7	C	8/5/2014	-174.528521	-4.71300451		448.73	1	31	1	643	1	-613	1	888	1	133.6	1	7	1	8:53
S254	019-7	C	8/5/2014	-174.528521	-4.71300451		458.73	1	31	1	651	1	-595	1	882	1	132.4	1	7	1	8:53
S254	019-7	C	8/5/2014	-174.528521	-4.71300451		468.73	1	30	1	654	1	-591	1	881	1	132.1	1	7	1	8:53
S254	019-7	C	8/5/2014	-174.528521	-4.71300451		478.73	1	28	1	669	1	-580	1	885	1	130.9	1	7	1	8:53
S254	019-7	C	8/5/2014	-174.528521	-4.71300451		488.73	1	26	1	653	1	-591	1	881	1	132.1	1	7	1	8:53
S254	019-7	C	8/5/2014	-174.528521	-4.71300451		498.73	1	24	1	655	1	-593	1	884	1	132.2	1	7	1	8:53
S254	019-7	C	8/5/2014	-174.528521	-4.71300451		508.73	1	22	1	658	1	-577	1	875	1	131.2	1	7	1	8:53
S254	019-7	C	8/5/2014	-174.528521	-4.71300451		518.73	1	20	1	635	1	-584	1	863	1	132.6	1	7	1	8:53
S254	019-7	C	8/5/2014	-174.528521	-4.71300451		528.73	1	18	1	642	1	-616	1	890	1	133.8	1	7	1	8:53
S254	019-7	C	8/5/2014	-174.528521	-4.71300451		538.73	1	17	1	668	1	-593	1	893	1	131.6	1	7	1	8:53
S254	019-7	C	8/5/2014	-174.528521	-4.71300451		548.73	1	17	1	659	1	-580	1	878	1	131.4	1	7	1	8:53
S254	019-7	C	8/5/2014	-174.528521	-4.71300451		558.73	1	16	1	618	1	-619	1	875	1	135	1	7	1	8:53
S254	019-7	C	8/5/2014	-174.528521	-4.71300451		568.73	1	16	1	671	1	-598	1	899	1	131.7	1	7	1	8:53
S254	019-7	C	8/5/2014	-174.528521	-4.71300451		578.73	1	15	1	639	1	-667	1	924	1	136.2	1	7	1	8:53
S254	019-7	C	8/5/2014	-174.528521	-4.71300451		588.73	1	14	1	687	1	-640	1	939	1	133	1	7	1	8:53
S254	019-7	C	8/5/2014	-174.528521	-4.71300451		598.73	1	14	1	592	1	-528	1	793	1	131.7	1	7	1	8:53
S254	019-7	C	8/5/2014	-174.528521	-4.71300451		608.73	1	13	1	576	1	-668	1	882	1	139.2	1	7	1	8:53
S254	019-8	C	8/5/2014	-174.528521	-4.71300451		318.73	1	27	1	614	1	-714	1	942	1	139.3	1	8	1	9:13
S254	019-8	C	8/5/2014	-174.528521	-4.71300451		328.73	1	28	1	623	1	-727	1	957	1	139.4	1	8	1	9:13
S254	019-8	C	8/5/2014	-174.528521	-4.71300451		338.73	1	30	1	630	1	-711	1	950	1	138.5	1	8	1	9:13
S254	019-8	C	8/5/2014	-174.528521	-4.71300451		348.73	1	29	1	627	1	-720	1	955	1	138.9	1	8	1	9:13
S254	019-8	C	8/5/2014	-174.528521	-4.71300451		358.73	1	26	1	653	1	-739	1	986	1	138.5	1	8	1	9:13
S254	019-8	C	8/5/2014	-174.528521	-4.71300451		368.73	1	24	1	697	1	-733	1	1011	1	136.4	1	8	1	9:13
S254	019-8	C	8/5/2014	-174.528521	-4.71300451		378.73	1	24	1	717	1	-740	1	1030	1	135.9	1	8	1	9:13
S254	019-8	C	8/5/2014	-174.528521	-4.71300451		388.73	1	25	1	722	1	-756	1	1045	1	136.3	1	8	1	9:13
S254	019-8	C	8/5/2014	-174.528521	-4.71300451		398.73	1	24	1	746	1	-745	1	1054	1	135	1	8	1	9:13
S254	019-8	C	8/5/2014	-174.528521	-4.71300451		408.73	1	24	1	754	1	-759	1	1070	1	135.2	1	8	1	9:13
S254	019-8	C	8/5/2014	-174.528521	-4.71300451		418.73	1	24	1	732	1	-765	1	1059	1	136.3	1	8	1	9:13
S254	019-8	C	8/5/2014	-174.528521	-4.71300451		428.73	1	25	1	719	1	-774	1	1056	1	137.1	1	8	1	9:13
S254	019-8	C	8/5/2014	-174.528521	-4.71300451		438.73	1	26	1	753	1	-797	1	1096	1	136.6	1	8	1	9:13
S254	019-8	C	8/5/2014	-174.528521	-4.71300451		448.73	1	28	1	726	1	-789	1	1072	1	137.4	1	8	1	9:13
S254	019-8	C	8/5/2014	-174.528521	-4.71300451		458.73	1	30	1	711	1	-792	1	1064	1	138.1	1	8	1	9:13
S254	019-8	C	8/5/2014	-174.528521	-4.71300451		468.73	1	30	1	738	1	-803	1	1091	1	137.4	1	8	1	9:13
S254	019-8	C	8/5/2014	-174.528521	-4.71300451		478.73	1	29	1	739	1	-789	1	1081	1	136.9	1	8	1	9:13
S254	019-8	C	8/5/2014	-174.528521	-4.71300451		488.73	1	28	1	734	1	-788	1	1077	1	137	1	8	1	9:13
S254	019-8	C	8/5/2014	-174.528521	-4.71300451		498.73	1	26	1	733	1	-778	1	1069	1	136.7	1	8	1	9:13
S254	019-8	C	8/5/2014	-174.528521	-4.71300451		508.73	1	23	1	729	1	-799	1	1082	1	137.6	1	8	1	9:13
S254	019-8	C	8/5/2014	-174.528521	-4.71300451		518.73	1	20	1	740	1	-804	1	1093	1	137.4	1	8	1	9:13
S254	019-8	C	8/5/2014	-174.528521	-4.71300451		528.73	1	18	1	746	1	-772	1	1074	1	136	1	8	1	9:13
S254	019-8	C	8/5/2014	-174.528521	-4.71300451		538.73	1	18	1	784	1	-813	1	1129	1	136	1	8	1	9:13
S254	019-8	C	8/5/2014	-174.528521	-4.71300451		548.73	1	17	1	724	1	-803	1	1081	1	138	1	8	1	9:13
S254	019-8	C	8/5/2014	-174.528521	-4.71300451		558.73	1	16	1	720	1	-797	1	1074	1	137.9	1	8	1	9:13
S254	019-8	C	8/5/2014	-174.528521	-4.71300451		568.73	1	16	1	786	1	-804	1	1124	1	135.6	1	8	1	9:13
S254	019-8	C	8/5/2014	-174.528521	-4.71300451		578.73	1	15	1	674	1	-767	1	1021	1	138.7	1	8	1	9:13
S254	019-8	C	8/5/2014	-174.528521	-4.71300451		588.73	1	14	1	622	1	-878	1	1076	1	144.7	1	8	1	9:13
S254	019-8	C	8/5/2014	-174.528521	-4.71300451		598.73	1	14	1	704	1	-862	1	1113	1	140.8	1	8	1	9:13
S254	019-8	C	8/5/2014	-174.528521	-4.71300451		608.73	1	13	1	1072	1	-862	1	1376	1	128.8	1	8	1	9:13
S254	019-9	C	8/5/2014	-174.528521	-4.71300451		318.73	1	27	1	80	1	-205	1	220	1	158.7	1	9	1	9:33
S254	019-9	C	8/5/2014	-174.528521	-4.71300451		328.73	1	27	1	76	1	-209	1	222	1	160	1	9	1	9:33
S254	019-9	C	8/5/2014	-174.528521	-4.71300451		338.73	1	28	1	112	1	-178	1	210	1	147.8	1	9	1	9:33
S254	019-9	C	8/5/2014	-174.528521	-4.71300451		348.73	1	27	1	106	1	-181	1	210	1	149.6	1	9	1	9:33
S254	019-9	C	8/5/2014	-174.528521	-4.71300451		358.73	1	25	1	113	1	-149	1	187	1	142.8	1	9	1	9:33
S254	019-9	C	8/5/2014	-174.528521	-4.71300451		368.73	1	23	1	153	1	-156	1	219	1	135.6	1	9	1	9:33
S254	019-9	C	8/5/2014	-174.528521	-4.71300451		378.73	1	24	1	172	1	-160	1	235	1	132.9	1	9	1	9:33
S254	019-9	C	8/5/2014	-174.528521	-4.71300451		388.73	1	24	1	219	1	-135	1	257	1	121.7	1	9	1	9:33
S254	019-9	C	8/5/2014	-174.528521	-4.71300451		398.73	1	24	1	214	1	-127	1	249	1	120.7	1	9	1	9:33
S254	019-9	C	8/5/2014	-174.528521	-4.71300451		408.73	1	24	1	224	1	-141	1	265	1	122.2	1	9	1	9:33
S254	019-9	C	8/5/2014	-174.528521	-4.71300451		418.73	1	24	1	227	1	-125	1	259	1	118.8	1	9	1	9:33
S254	019-9	C	8/5/2014	-174.528521	-4.71300451		428.73	1	25	1	241	1	-149	1	283	1	121.7	1	9	1	9:33
S254	019-9	C	8/5/2014	-174.528521	-4.71300451		438.73	1	26	1	259	1	-155	1	302	1	120.9	1	9	1	9:33
S254	019-9	C	8/5/2014	-174.528521	-4.71300451		448.73	1	27	1	242	1	-150	1	285	1	121.8	1	9	1	9:33
S254	019-9	C	8/5/2014	-174.528521	-4.71300451		458.73	1	29	1	241	1	-137	1	277	1	119.6	1	9	1	9:33
S254	019-9	C	8/5/2014	-174.528521	-4.71300451		468.73	1	30	1	275	1	-139	1	308	1	116.8	1	9	1	9:33
S254	019-9	C	8/5/2014	-174.528521	-4.71300451		478.73	1	28	1	239	1	-126	1	270	1	117.8	1	9	1	9:33
S254	019-9	C	8/5/2014	-174.528521	-4.71300451		488.73	1	27	1	255	1	-162	1	302	1	122.4	1	9	1	9:33
S254	019-9	C	8/5/2014	-174.528521	-4.71300451		498.73	1	25	1	277	1	-113	1	299	1	112.2	1	9	1	9:33
S254	019-9	C	8/5/2014	-174.528521	-4.71300451		508.73	1	22	1	243	1	-145	1	283	1	120.8	1	9	1	9:33
S254	019-9	C	8/5/2014	-174.528521	-4.71300451		518.73	1	20	1	250	1	-133	1	283	1	118	1	9	1	9:33
S254	019-9	C	8/5/2014	-174.528521	-4.71300451		528.73	1	19	1	243	1	-126	1	274	1	117.4	1	9	1	9:33
S254	019-9	C	8/5/2014	-174.528521	-4.71300451		538.73	1	18	1	259	1	-172	1	311	1	123.6	1	9	1	9:33
S254	019-9	C	8/5/2014	-174.528521	-4.71300451		548.73	1	17	1	239	1	-195	1	308	1	129.2	1	9	1	9:33
S254	019-9	C	8/5/2014	-174.528521	-4.71300451		558.73	1	16	1	198	1	-165	1	258	1	129.8	1	9	1	9:33
S254	019-9	C	8/5/2014	-174.528521	-4.71300451		568.73	1	16	1	247	1	-241	1	345	1	134.3	1	9	1	9:33
S254	019-9	C	8/5/2014	-174.528521	-4.71300451		578.73	1	15	1	202	1	-249	1	321	1	140.9	1	9	1	9:33
S254	019-9	C	8/5/2014	-174.528521	-4.71300451		588.73	1	14	1	106	1	-164	1	195	1	147.1	1	9	1	9:33
S254	019-9	C	8/5/2014	-174.528521	-4.71300451		598.73	1	14	1	236	1	-140	1	274	1	120.7	1	9	1	9:33
S254	019-9	C	8/5/2014	-174.528521	-4.71300451		608.73	1	13	1	215	1	-483	1	529	1	156	1	9	1	9:33
S254	019-10	C	8/5/2014	-174.528521	-4.71300451		318.73	1	25	1	11	1	-191	1	191	1	176.7	1	10	1	9:53
S254	019-10	C	8/5/2014	-174.528521	-4.71300451		328.73	1	25	1	8	1	-185	1	185	1	177.5	1	10	1	9:53
S254	019-10	C	8/5/2014	-174.528521	-4.71300451		338.73	1	25	1	36	1	-168	1	172	1	167.9	1	10	1	9:53
S254	019-10	C	8/5/2014	-174.528521	-4.71300451		348.73	1	24	1	58	1	-180	1	189	1	162.1	1	10	1	9:53
S254	019-10	C	8/5/2014	-174.528521	-4.71300451		358.73	1	22	1	78	1	-191	1	206	1	157.8	1	10	1	9:53
S254	019-10	C	8/5/2014	-174.528521	-4.71300451		368.73	1	22	1	77	1	-160	1	178	1	154.3	1	10	1	9:53
S254	019-10	C	8/5/2014	-174.528521	-4.71300451		378.73	1	22	1	152	1	-177	1	233	1	139.3	1	10	1	9:53
S254	019-10	C	8/5/2014	-174.528521	-4.71300451		388.73	1	23	1	147	1	-149	1	209	1	135.4	1	10	1	9:53
S254	019-10	C	8/5/2014	-174.528521	-4.71300451		398.73	1	24	1	173	1	-146	1	226	1	130.2	1	10	1	9:53
S254	019-10	C	8/5/2014	-174.528521	-4.71300451		408.73	1	24	1	161	1	-152	1	221	1	133.4	1	10	1	9:53
S254	019-10	C	8/5/2014	-174.528521	-4.71300451		418.73	1	24	1	179	1	-143	1	229	1	128.6	1	10	1	9:53
S254	019-10	C	8/5/2014	-174.528521	-4.71300451		428.73	1	25	1	176	1	-161	1	239	1	132.5	1	10	1	9:53
S254	019-10	C	8/5/2014	-174.528521	-4.71300451		438.73	1	26	1	206	1	-156	1	258	1	127.1	1	10	1	9:53
S254	019-10	C	8/5/2014	-174.528521	-4.71300451		448.73	1	28	1	215	1	-159	1	267	1	126.5	1	10	1	9:53
S254	019-10	C	8/5/2014	-174.528521	-4.71300451		458.73	1	30	1	229	1	-162	1	281	1	125.3	1	10	1	9:53
S254	019-10	C	8/5/2014	-174.528521	-4.71300451		468.73	1	30	1	213	1	-175	1	276	1	129.4	1	10	1	9:53
S254	019-10	C	8/5/2014	-174.528521	-4.71300451		478.73	1	30	1	210	1	-149	1	257	1	125.4	1	10	1	9:53
S254	019-10	C	8/5/2014	-174.528521	-4.71300451		488.73	1	28	1	196	1	-155	1	250	1	128.3	1	10	1	9:53
S254	019-10	C	8/5/2014	-174.528521	-4.71300451		498.73	1	26	1	211	1	-165	1	268	1	128	1	10	1	9:53
S254	019-10	C	8/5/2014	-174.528521	-4.71300451		508.73	1	24	1	218	1	-170	1	276	1	127.9	1	10	1	9:53
S254	019-10	C	8/5/2014	-174.528521	-4.71300451		518.73	1	20	1	220	1	-167	1	276	1	127.2	1	10	1	9:53
S254	019-10	C	8/5/2014	-174.528521	-4.71300451		528.73	1	19	1	233	1	-139	1	271	1	120.8	1	10	1	9:53
S254	019-10	C	8/5/2014	-174.528521	-4.71300451		538.73	1	18	1	205	1	-158	1	259	1	127.6	1	10	1	9:53
S254	019-10	C	8/5/2014	-174.528521	-4.71300451		548.73	1	18	1	216	1	-173	1	277	1	128.7	1	10	1	9:53
S254	019-10	C	8/5/2014	-174.528521	-4.71300451		558.73	1	17	1	196	1	-152	1	248	1	127.8	1	10	1	9:53
S254	019-10	C	8/5/2014	-174.528521	-4.71300451		568.73	1	16	1	190	1	-175	1	258	1	132.6	1	10	1	9:53
S254	019-10	C	8/5/2014	-174.528521	-4.71300451		578.73	1	16	1	156	1	-208	1	260	1	143.1	1	10	1	9:53
S254	019-10	C	8/5/2014	-174.528521	-4.71300451		588.73	1	14	1	114	1	-194	1	225	1	149.6	1	10	1	9:53
S254	019-10	C	8/5/2014	-174.528521	-4.71300451		598.73	1	14	1	20	1	-130	1	132	1	171.3	1	10	1	9:53
S254	019-10	C	8/5/2014	-174.528521	-4.71300451		608.73	1	14	1	172	1	104	1	201	1	58.8	1	10	1	9:53
S254	019-11	C	8/5/2014	-174.528521	-4.71300451		318.73	1	25	1	-29	1	-198	1	200	1	188.3	1	11	1	10:13
S254	019-11	C	8/5/2014	-174.528521	-4.71300451		328.73	1	25	1	2	1	-182	1	182	1	179.4	1	11	1	10:13
S254	019-11	C	8/5/2014	-174.528521	-4.71300451		338.73	1	24	1	27	1	-193	1	195	1	172	1	11	1	10:13
S254	019-11	C	8/5/2014	-174.528521	-4.71300451		348.73	1	23	1	56	1	-178	1	187	1	162.5	1	11	1	10:13
S254	019-11	C	8/5/2014	-174.528521	-4.71300451		358.73	1	22	1	80	1	-197	1	213	1	157.9	1	11	1	10:13
S254	019-11	C	8/5/2014	-174.528521	-4.71300451		368.73	1	22	1	95	1	-166	1	191	1	150.2	1	11	1	10:13
S254	019-11	C	8/5/2014	-174.528521	-4.71300451		378.73	1	23	1	146	1	-158	1	215	1	137.3	1	11	1	10:13
S254	019-11	C	8/5/2014	-174.528521	-4.71300451		388.73	1	24	1	143	1	-130	1	193	1	132.3	1	11	1	10:13
S254	019-11	C	8/5/2014	-174.528521	-4.71300451		398.73	1	25	1	121	1	-150	1	193	1	141.1	1	11	1	10:13
S254	019-11	C	8/5/2014	-174.528521	-4.71300451		408.73	1	27	1	138	1	-175	1	223	1	141.7	1	11	1	10:13
S254	019-11	C	8/5/2014	-174.528521	-4.71300451		418.73	1	28	1	143	1	-148	1	206	1	136	1	11	1	10:13
S254	019-11	C	8/5/2014	-174.528521	-4.71300451		428.73	1	30	1	159	1	-168	1	231	1	136.6	1	11	1	10:13
S254	019-11	C	8/5/2014	-174.528521	-4.71300451		438.73	1	32	1	164	1	-182	1	245	1	138	1	11	1	10:13
S254	019-11	C	8/5/2014	-174.528521	-4.71300451		448.73	1	32	1	182	1	-190	1	263	1	136.2	1	11	1	10:13
S254	019-11	C	8/5/2014	-174.528521	-4.71300451		458.73	1	33	1	191	1	-181	1	263	1	133.5	1	11	1	10:13
S254	019-11	C	8/5/2014	-174.528521	-4.71300451		468.73	1	32	1	170	1	-184	1	251	1	137.3	1	11	1	10:13
S254	019-11	C	8/5/2014	-174.528521	-4.71300451		478.73	1	30	1	161	1	-149	1	219	1	132.8	1	11	1	10:13
S254	019-11	C	8/5/2014	-174.528521	-4.71300451		488.73	1	27	1	172	1	-178	1	248	1	136	1	11	1	10:13
S254	019-11	C	8/5/2014	-174.528521	-4.71300451		498.73	1	24	1	127	1	-198	1	235	1	147.3	1	11	1	10:13
S254	019-11	C	8/5/2014	-174.528521	-4.71300451		508.73	1	22	1	153	1	-166	1	226	1	137.3	1	11	1	10:13
S254	019-11	C	8/5/2014	-174.528521	-4.71300451		518.73	1	20	1	186	1	-150	1	239	1	128.9	1	11	1	10:13
S254	019-11	C	8/5/2014	-174.528521	-4.71300451		528.73	1	20	1	151	1	-148	1	211	1	134.4	1	11	1	10:13
S254	019-11	C	8/5/2014	-174.528521	-4.71300451		538.73	1	19	1	139	1	-189	1	235	1	143.7	1	11	1	10:13
S254	019-11	C	8/5/2014	-174.528521	-4.71300451		548.73	1	18	1	129	1	-219	1	254	1	149.5	1	11	1	10:13
S254	019-11	C	8/5/2014	-174.528521	-4.71300451		558.73	1	18	1	80	1	-178	1	195	1	155.8	1	11	1	10:13
S254	019-11	C	8/5/2014	-174.528521	-4.71300451		568.73	1	16	1	106	1	-207	1	233	1	152.9	1	11	1	10:13
S254	019-11	C	8/5/2014	-174.528521	-4.71300451		578.73	1	16	1	61	1	-166	1	177	1	159.8	1	11	1	10:13
S254	019-11	C	8/5/2014	-174.528521	-4.71300451		588.73	1	15	1	188	1	-154	1	243	1	129.3	1	11	1	10:13
S254	019-11	C	8/5/2014	-174.528521	-4.71300451		598.73	1	14	1	190	1	-374	1	419	1	153.1	1	11	1	10:13
S254	019-11	C	8/5/2014	-174.528521	-4.71300451		608.73	1	14	1	303	1	-343	1	458	1	138.5	1	11	1	10:13
																					
																					
																					
																					
																					
																					
																					
																					
																					
																					
																					
																					
																					
																					
																					
																					
																					
																					
																					
																					
																					
																					
																					
																					
																					
																					
																					
																					
																					
																					
																					
																					
																					
																					
																					
																					
																					
																					
																					
																					
																					
																					
																					
																					
																					
																					
																					
																					
																					
																					
																					
																					
																					
																					
																					
																					
																					
																					
																					
																					
																					
																					
																					
																					
																					
																					
																					
																					
																					
																					
																					
																					
																					
																					
																					
																					
																					
																					
																					
																					
																					
																					
																					
																					
																					
																					
																					
																					
																					
																					
																					
																					
																					
																					
																					
																					
																					
																					
																					
																					
																					
																					
																					
																					
																					
																					
																					
																					
																					
																					
																					
																					
																					
																					
																					
																					
																					
																					
																					
																					
																					
																					
																					
																					
																					
																					
																					
																					
																					
																					
																					
																					
																					
																					
																					
																					
																					
																					
																					
																					
																					
																					
																					
																					
																					
																					
																					
																					
																					
																					
																					
																					
																					
																					
																					
																					
																					
																					
																					
																					
																					
																					
																					
																					
																					
																					
																					
																					
																					
																					
																					
																					
																					
																					
																					
																					
																					
																					
																					
																					
																					
																					
																					
																					
																					
																					
																					
																					
																					
																					
																					
																					
																					
																					
																					
																					
																					
																					
																					
																					
																					
																					
																					
																					
																					
																					
																					
																					
																					
																					
																					
																					
																					
																					
																					
																					
																					
																					
																					
																					
																					
																					
																					
																					
																					
																					
																					
																					
																					
																					
																					
																					
																					
																					
																					
																					
																					
																					
																					
																					
																					
																					
																					
																					
																					
																					
																					
																					
																					
																					
																					
																					
																					
																					
																					
																					
																					
																					
																					
																					
																					
																					
																					
																					
																					
																					
																					
																					
																					
																					
																					
																					
																					
																					
																					
																					
																					
																					
																					
																					
																					
																					
																					
																					
																					
																					
																					
																					
																					
																					
																					
																					
																					
																					
																					
																					
																					
																					
																					
																					
																					
																					
																					
																					
																					
																					
																					
																					
																					
																					
																					
																					
																					
																					
																					
																					
																					
																					
																					
																					
																					
																					
																					
																					
																					
																					
																					
																					
																					
																					
																					
																					
																					
																					
																					
																					
																					
																					
																					
																					
																					
																					
																					
																					
																					
																					
																					
																					
																					
																					
																					
																					
																					
																					
																					
																					
																					
																					
																					
																					
																					
																					
																					
																					
																					
																					
																					
																					
																					
																					
																					
																					
																					
																					
																					
																					
																					
																					
																					
																					
																					
																					
																					
																					
																					
																					
																					
																					
																					
																					
																					
																					
																					
																					
																					
																					
																					
																					
																					
																					
																					
																					
																					
																					
																					
																					
																					
																					
																					
																					
																					
																					
																					
																					
																					
																					
																					
																					
																					
																					
																					
																					
																					
																					
																					
																					
																					
																					
																					
																					
																					
																					
																					
																					
																					
																					
																					
																					
																					
																					
																					
																					
																					
																					
																					
																					
																					
																					
																					
																					
																					
																					
																					
																					
																					
																					
																					
																					
																					
																					
																					
																					
																					
																					
																					
																					
																					
																					
																					
																					
																					
																					
																					
																					
																					
																					
																					
																					
																					
																					
																					
																					
																					
																					
																					
																					
																					
																					
																					
																					
																					
																					
																					
																					
																					
																					
																					
																					
																					
																					
																					
																					
																					
																					
																					
																					
																					
																					
																					
																					
																					
																					
																					
																					
																					
																					
																					
																					
																					
																					
																					
																					
																					
																					
																					
																					
																					
																					
																					
																					
																					
																					
																					
																					
																					
																					
																					
																					
																					
																					
																					
																					
																					
																					
																					
																					
																					
																					
																					
																					
																					
																					
																					
																					
																					
																					
																					
																					
																					
																					
																					
																					
																					
																					
																					
																					
																					
																					
																					
																					
																					
																					
																					
																					
																					
																					
																					
																					
																					
																					
																					
																					
																					
																					
																					
																					
																					
																					
																					
																					
																					
																					
																					
																					
																					
																					
																					
																					
																					
																					
																					
																					
																					
																					
																					
																					
																					
																					
																					
																					
																					
																					
																					
																					
																					
																					
																					
																					
																					
																					
																					
																					
																					
																					
																					
																					
																					
																					
																					
																					
																					
																					
																					
																					
																					
																					
																					
																					
																					
																					
																					
																					
																					
																					
																					
																					
																					
																					
																					
																					
																					
																					
																					
																					
																					
																					
																					
																					
																					
																					
																					
																					
																					
																					
																					
																					
																					
																					
																					
																					
																					
																					
																					
																					
																					
																					
																					
																					
																					
																					
																					
																					
																					
																					
																					
																					
																					
																					
																					
																					
																					
																					
																					
																					
																					
																					
																					
																					
																					
																					
																					
																					
																					
																					
																					
																					
																					
																					
																					
																					
																					
																					
																					
																					
																					
																					
																					
																					
																					
																					
																					
																					
																					
																					
																					
																					
																					
																					
																					
																					
																					
																					
																					
																					
																					
																					
																					
																					
																					
																					
																					
																					
																					
																					
																					
																					
																					
																					
																					
																					
																					
																					
																					
																					
																					
																					
																					
																					
																					
																					
																					
																					
																					
																					
																					
																					
																					
																					
																					
																					
																					
																					
																					
																					
																					
																					
																					
																					
																					
																					
																					
																					
																					
																					
																					
																					
																					
																					
																					
																					
																					
																					
																					
																					
																					
																					
																					
																					
																					
																					
																					
																					
																					
																					
																					
																					
																					
																					
																					
																					
																					
																					
																					
																					
																					
																					
																					
																					
																					
																					
																					
																					
																					
																					
																					
																					
																					
																					
																					
																					
																					
																					
																					
																					
																					
																					
																					
																					
																					
																					
																					
																					
																					
																					
																					
																					
																					
																					
																					
																					
																					
																					
																					
																					
																					
																					
																					
																					
																					
																					
																					
																					
																					
																					
																					
																					
																					
																					
																					
																					
																					
																					
																					
																					
																					
																					
																					
																					
																					
																					
																					
																					
																					
																					
																					
																					
																					
																					
																					
																					
																					
																					
																					
																					
																					
																					
																					
																					
																					
																					
																					
																					
																					
																					
																					
																					
																					
																					
																					
																					
																					
																					
																					
																					
																					
																					
																					
																					
																					
																					
																					
																					
																					
																					
																					
																					
																					
																					
																					
																					
																					
																					
																					
																					
																					
																					
																					
																					
																					
																					
																					
																					
																					
																					
																					
																					
																					
																					
																					
																					
																					
																					
																					
																					
																					
																					
																					
																					
																					
																					
																					
																					
																					
																					
																					
																					
																					
																					
																					
																					
																					
																					
																					
																					
																					
																					
																					
																					
																					
																					
																					
																					
																					
																					
																					
																					
																					
																					
																					
																					
																					
																					
																					
																					
																					
																					
																					
																					
																					
																					
																					
																					
																					
																					
																					
																					
																					
																					
																					
																					
																					
																					
																					
																					
																					
																					
																					
																					
																					
																					
																					
																					
																					
																					
																					
																					
																					
																					
																					
																					
																					
																					
																					
																					
																					
																					
																					
																					
																					
																					
																					
																					
																					
																					
																					
																					
																					
																					
																					
																					
																					
																					
																					
																					
																					
																					
																					
																					
																					
																					
																					
																					
																					
																					
																					
																					
																					
																					
																					
																					
																					
																					
																					
																					
																					
																					
																					
																					
																					
																					
																					
																					
																					
																					
																					
																					
																					
																					
																					
																					
																					
																					
																					
																					
																					
																					
																					
																					
																					
																					
																					
																					
																					
																					
																					
																					
																					
																					
																					
																					
																					
																					
																					
																					
																					
																					
																					
																					
																					
																					
																					
																					
																					
																					
																					
																					
																					
																					
																					
																					
																					
																					
																					
																					
																					
																					
																					
																					
																					
																					
																					
																					
																					
																					
																					
																					
																					
																					
																					
																					
																					
																					
																					
																					
																					
																					
																					
																					
																					
																					
																					
																					
																					
																					
																					
																					
																					
																					
																					
																					
																					
																					
																					
																					
																					
																					
																					
																					
																					
																					
																					
																					
																					
																					
																					
																					
																					
																					
																					
																					
																					
																					
																					
																					
																					
																					
																					
																					
																					
																					
																					
																					
																					
																					
																					
																					
																					
																					
																					
																					
																					
																					
																					
																					
																					
																					
																					
																					
																					
																					
																					
																					
																					
																					
																					
																					
																					
																					
																					
																					
																					
																					
																					
																					
																					
																					
																					
																					
																					
																					
																					
																					
																					
																					
																					
																					
																					
																					
																					
																					
																					
																					
																					
																					
																					
																					
																					
																					
																					
																					
																					
																					
																					
																					
																					
																					
																					
																					
																					
																					
																					
																					
																					
																					
																					
																					
																					
																					
																					
																					
																					
																					
																					
																					
																					
																					
																					
																					
																					
																					
																					
																					
																					
																					
																					
																					
																					
																					
																					
																					
																					
																					
																					
																					
																					
																					
																					
																					
																					
																					
																					
																					
																					
																					
																					
																					
																					
																					
																					
																					
																					
																					
																					
																					
																					
																					
																					
																					
																					
																					
																					
																					
																					
																					
																					
																					
																					
																					
																					
																					
																					
																					
																					
																					
																					
																					
																					
																					
																					
																					
																					
																					
																					
																					
																					
																					
																					
																					
																					
																					
																					
																					
																					
																					
																					
																					
																					
																					
																					
																					
																					
																					
																					
																					
																					
																					
																					
																					
																					
																					
																					
																					
																					
																					
																					
																					
																					
																					
																					
																					
																					
																					
																					
																					
																					
																					
																					
																					
																					
																					
																					
																					
																					
																					
																					
																					
																					
																					
																					
																					
																					
																					
																					
																					
																					
																					
																					
																					
																					
																					
																					
																					
																					
																					
																					
																					
																					
																					
																					
																					
																					
																					
																					
																					
																					
																					
																					
																					
																					
																					
																					
																					
																					
																					
																					
																					
																					
																					
																					
																					
																					
																					
																					
																					
																					
																					
																					
																					
																					
																					
																					
																					
																					
																					
																					
																					
																					
																					
																					
																					
																					
																					
																					
																					
																					
																					
																					
																					
																					
																					
																					
																					
																					
																					
																					
																					
																					
																					
																					
																					
																					
																					
																					
																					
																					
																					
																					
																					
																					
																					
																					
																					
																					
																					
																					
																					
																					
																					
																					
																					
																					
																					
																					
																					
																					
																					
																					
																					
																					
																					
																					
																					
																					
																					
																					
																					
																					
																					
																					
																					
																					
																					
																					
																					
																					
																					
																					
																					
																					
																					
																					
																					
																					
																					
																					
																					
																					
																					
																					
																					
																					
																					
																					
																					
																					
																					
																					
																					
																					
																					
																					
																					
																					
																					
																					
																					
																					
																					
																					
																					
																					
																					
																					
																					
																					
																					
																					
																					
																					
																					
																					
																					
																					
																					
																					
																					
																					
																					
																					
																					
																					
																					
																					
																					
																					
																					
																					
																					
																					
																					
																					
																					
																					
																					
																					
																					
																					
																					
																					
																					
																					
																					
																					
																					
																					
																					
																					
																					
																					
																					
																					
																					
																					
																					
																					
																					
																					
																					
																					
																					
																					
																					
																					
																					
																					
																					
																					
																					
																					
																					
																					
																					
																					
																					
																					
																					
																					
																					
																					
																					
																					
																					
																					
																					
																					
																					
																					
																					
																					
																					
																					
																					
																					
																					
																					
																					
																					
																					
																					
																					
																					
																					
																					
																					
																					
																					
																					
																					
																					
																					
																					
																					
																					
																					
																					
																					
																					
																					
																					
																					
																					
																					
																					
																					
																					
																					
																					
																					
																					
																					
																					
																					
																					
																					
																					
																					
																					
																					
																					
																					
																					
																					
																					
																					
																					
																					
																					
																					
																					
																					
																					
																					
																					
																					
																					
																					
																					
																					
																					
																					
																					
																					
																					
																					
																					
																					
																					
																					
																					
																					
																					
																					
																					
																					
																					
																					
																					
																					
																					
																					
																					
																					
																					
																					
																					
																					
																					
																					
																					
																					
																					
																					
																					
																					
																					
																					
																					
																					
																					
																					
																					
																					
																					
																					
																					
																					
																					
																					
																					
																					
																					
																					
																					
																					
																					
																					
																					
																					
																					
																					
																					
																					
																					
																					
																					
																					
																					
																					
																					
																					
																					
																					
																					
																					
																					
																					
																					
																					
																					
																					
																					
																					
																					
																					
																					
																					
																					
																					
																					
																					
																					
																					
																					
																					
																					
																					
																					
																					
																					
																					
																					
																					
																					
																					
																					
																					
																					
																					
																					
																					
																					
																					
																					
																					
																					
																					
																					
																					
																					
																					
																					
																					
																					
																					
																					
																					
																					
																					
																					
																					
																					
																					
																					
																					
																					
																					
																					
																					
																					
																					
																					
																					
																					
																					
																					
																					
																					
																					
																					
																					
																					
																					
																					
																					
																					
																					
																					
																					
																					
																					
																					
																					
																					
																					
																					
																					
																					
																					
																					
																					
																					
																					
																					
																					
																					
																					
																					
																					
																					
																					
																					
																					
																					
																					
																					
																					
																					
																					
																					
																					
																					
																					
																					
																					
																					
																					
																					
																					
																					
																					
																					
																					
																					
																					
																					
																					
																					
																					
																					
																					
																					
																					
																					
																					
																					
																					
																					
																					
																					
																					
																					
																					
																					
																					
																					
																					
																					
																					
																					
																					
																					
																					
																					
																					
																					
																					
																					
																					
																					
																					
																					
																					
																					
																					
																					
																					
																					
																					
																					
																					
																					
																					
																					
																					
																					
																					
																					
																					
																					
																					
																					
																					
																					
																					
																					
																					
																					
																					
																					
																					
																					
																					
																					
																					
																					
																					
																					
																					
																					
																					
																					
																					
																					
																					
																					
																					
																					
																					
																					
																					
																					
																					
																					
																					
																					
																					
																					
																					
																					
																					
																					
																					
																					
																					
																					
																					
																					
																					
																					
																					
																					
																					
																					
																					
																					
																					
																					
																					
																					
																					
																					
																					
																					
																					
																					
																					
																					
																					
																					
																					
																					
																					
																					
																					
																					
																					
																					
																					
																					
																					
																					
																					
																					
																					
																					
																					
																					
																					
																					
																					
																					
																					
																					
																					
																					
																					
																					
																					
																					
																					
																					
																					
																					
																					
																					
																					
																					
																					
																					
																					
																					
																					
																					
																					
																					
																					
																					
																					
																					
																					
																					
																					
																					
																					
																					
																					
																					
																					
																					
																					
																					
																					
																					
																					
																					
																					
																					
																					
																					
																					
																					
																					
																					
																					
																					
																					
																					
																					
																					
																					
																					
																					
																					
																					
																					
																					
																					
																					
																					
																					
																					
																					
																					
																					
																					
																					
																					
																					
																					
																					
																					
																					
																					
																					
																					
																					
																					
																					
																					
																					
																					
																					
																					
																					
																					
																					
																					
																					
																					
																					
																					
																					
																					
																					
																					
																					
																					
																					
																					
																					
																					
																					
																					
																					
																					
																					
																					
																					
																					
																					
																					
																					
																					
																					
																					
																					
																					
																					
																					
																					
																					
																					
																					
																					
																					
																					
																					
																					
																					
																					
																					
																					
																					
																					
																					
																					
																					
																					
																					
																					
																					
																					
																					
																					
																					
																					
																					
																					
																					
																					
																					
																					
																					
																					
																					
																					
																					
																					
																					
																					
																					
																					
																					
																					
																					
																					
																					
																					
																					
																					
																					
																					
																					
																					
																					
																					
																					
																					
																					
																					
																					
																					
																					
																					
																					
																					
																					
																					
																					
																					
																					
																					
																					
																					
																					
																					
																					
																					
																					
																					
																					
																					
																					
																					
																					
																					
																					
																					
																					
																					
																					
																					
																					
																					
																					
																					
																					
																					
																					
																					
																					
																					
																					
																					
																					
																					
																					
																					
																					
																					
																					
																					
																					
																					
																					
																					
																					
																					
																					
																					
																					
																					
																					
																					
																					
																					
																					
																					
																					
																					
																					
																					
																					
																					
																					
																					
																					
																					
																					
																					
																					
																					
																					
																					
																					
																					
																					
																					
																					
																					
																					
																					
																					
																					
																					
																					
																					
																					
																					
																					
																					
																					
																					
																					
																					
																					
																					
																					
																					
																					
																					
																					
																					
																					
																					
																					
																					
																					
																					
																					
																					
																					
																					
																					
																					
																					
																					
																					
																					
																					
																					
																					
																					
																					
																					
																					
																					
																					
																					
																					
																					
																					
																					
																					
																					
																					
																					
																					
																					
																					
																					
																					
																					
																					
																					
																					
																					
																					
																					
																					
																					
